{
  "camera_angle_x": 0.6321432695162992,
  "camera_angle_y": 1.051038900512541,
  "fl_x": 1100.7986763199376,
  "fl_y": 1103.6118866498693,
  "k1": 0.14296936083979475,
  "k2": -0.25711873074099467,
  "k3": 0,
  "k4": 0,
  "p1": 0.0006505712480737975,
  "p2": 0.000122398120514873,
  "is_fisheye": false,
  "cx": 354.08865791887814,
  "cy": 643.0360169535812,
  "w": 720.0,
  "h": 1280.0,
  "aabb_scale": 32,
  "frames": [
    {
      "file_path": "./images/0011.jpg",
      "sharpness": 51.96628190574647,
      "transform_matrix": [
        [
          -0.7010841625757847,
          0.2666827832222416,
          -0.6613329646060175,
          -3.6664076010696327
        ],
        [
          -0.7130155647665737,
          -0.2744988782798191,
          0.6451815017678394,
          3.2094033817248655
        ],
        [
          -0.009476358378866385,
          0.9238672301336053,
          0.3825957914995274,
          1.0357200287451593
        ],
        [
          0.0,
          0.0,
          0.0,
          1.0
        ]
      ]
    },
    {
      "file_path": "./images/0010.jpg",
      "sharpness": 67.63939445155464,
      "transform_matrix": [
        [
          -0.7022075578868524,
          0.2919589973229616,
          -0.649356981547968,
          -3.6520984443653215
        ],
        [
          -0.7119634615434417,
          -0.2924938751358261,
          0.6384006284730517,
          3.386552552730824
        ],
        [
          -0.0035461325001277097,
          0.9106081906337858,
          0.4132555481187985,
          1.1631645295713793
        ],
        [
          0.0,
          0.0,
          0.0,
          1.0
        ]
      ]
    },
    {
      "file_path": "./images/0012.jpg",
      "sharpness": 71.50914509455245,
      "transform_matrix": [
        [
          -0.6971130186371914,
          0.24073624041145786,
          -0.675336584049342,
          -3.548833700306878
        ],
        [
          -0.716807877963793,
          -0.2535042586106191,
          0.6495552762890958,
          3.00696749300631
        ],
        [
          -0.014829204898793929,
          0.9369000231493326,
          0.34928275259575037,
          0.8434973370871887
        ],
        [
          0.0,
          0.0,
          0.0,
          1.0
        ]
      ]
    },
    {
      "file_path": "./images/0006.jpg",
      "sharpness": 85.3255656751656,
      "transform_matrix": [
        [
          -0.7092541352144284,
          0.2900310549751153,
          -0.6425266988908634,
          -4.0004105778051455
        ],
        [
          -0.7049396719996718,
          -0.2973758319497431,
          0.643915890014273,
          4.3259548100397
        ],
        [
          -0.0043163067365127724,
          0.9096425680900588,
          0.41536943528706255,
          1.2898123427157528
        ],
        [
          0.0,
          0.0,
          0.0,
          1.0
        ]
      ]
    },
    {
      "file_path": "./images/0009.jpg",
      "sharpness": 72.37883354336655,
      "transform_matrix": [
        [
          -0.7072095188386599,
          0.3070863198105104,
          -0.6368301882021317,
          -3.65399340298253
        ],
        [
          -0.7069914487166835,
          -0.3017967967312751,
          0.6395950163376084,
          3.6145699785286562
        ],
        [
          0.004217568875080898,
          0.9025611810992688,
          0.43054096952728144,
          1.2613373544651676
        ],
        [
          0.0,
          0.0,
          0.0,
          1.0
        ]
      ]
    },
    {
      "file_path": "./images/0007.jpg",
      "sharpness": 97.35748039611062,
      "transform_matrix": [
        [
          -0.7062554426536749,
          0.3025038787412192,
          -0.6400739434041309,
          -3.7263643746569524
        ],
        [
          -0.7079570942231561,
          -0.30183989761448016,
          0.6385056217034157,
          4.063194203295207
        ],
        [
          -4.942637944275632e-05,
          0.9040929595533509,
          0.4273358374851219,
          1.3059726828498874
        ],
        [
          0.0,
          0.0,
          0.0,
          1.0
        ]
      ]
    },
    {
      "file_path": "./images/0008.jpg",
      "sharpness": 111.00318791413014,
      "transform_matrix": [
        [
          -0.7040980816355695,
          0.30837418019788515,
          -0.6396493229737121,
          -3.61732317409257
        ],
        [
          -0.710100323896714,
          -0.3034191167759305,
          0.6353694748541009,
          3.829598566253433
        ],
        [
          0.0018497083078884953,
          0.9015776197985182,
          0.4326134232933932,
          1.316695469045498
        ],
        [
          0.0,
          0.0,
          0.0,
          1.0
        ]
      ]
    },
    {
      "file_path": "./images/0013.jpg",
      "sharpness": 63.19789481939621,
      "transform_matrix": [
        [
          -0.6888850629767765,
          0.2214877614025744,
          -0.6902032610127924,
          -3.3731014351825106
        ],
        [
          -0.7246438262900642,
          -0.23424146990791725,
          0.6480912426462436,
          2.656200461924419
        ],
        [
          -0.01812994787654542,
          0.9466119084832458,
          0.3218651886484706,
          0.7180493954452173
        ],
        [
          0.0,
          0.0,
          0.0,
          1.0
        ]
      ]
    },
    {
      "file_path": "./images/0001.jpg",
      "sharpness": 199.67575837189355,
      "transform_matrix": [
        [
          -0.7563180311360648,
          0.18767276041056963,
          -0.626707244839788,
          -4.852966482288827
        ],
        [
          -0.6541627162033433,
          -0.20617450109882715,
          0.7277109424941974,
          5.9037238048164555
        ],
        [
          0.00736046781899937,
          0.9603494208120913,
          0.27870201544908285,
          1.2853699332328663
        ],
        [
          0.0,
          0.0,
          0.0,
          1.0
        ]
      ]
    },
    {
      "file_path": "./images/0002.jpg",
      "sharpness": 223.8151300506168,
      "transform_matrix": [
        [
          -0.7478254058621567,
          0.199941760093209,
          -0.6330722351156021,
          -4.750058451678217
        ],
        [
          -0.6638721414869334,
          -0.2172209149225301,
          0.715603838640802,
          5.679705024896571
        ],
        [
          0.005562560903436254,
          0.9554257515101903,
          0.2951790833094353,
          1.2730183707695368
        ],
        [
          0.0,
          0.0,
          0.0,
          1.0
        ]
      ]
    },
    {
      "file_path": "./images/0003.jpg",
      "sharpness": 166.60269571213772,
      "transform_matrix": [
        [
          -0.7335862887111841,
          0.21859121759749564,
          -0.6434819628867074,
          -4.598595311166221
        ],
        [
          -0.6795963116167683,
          -0.23581608109368438,
          0.6946507245617617,
          5.244927260696593
        ],
        [
          0.00010115294452287136,
          0.9468942155515228,
          0.3215452289790079,
          1.2889586335760033
        ],
        [
          0.0,
          0.0,
          0.0,
          1.0
        ]
      ]
    },
    {
      "file_path": "./images/0014.jpg",
      "sharpness": 111.84738293539915,
      "transform_matrix": [
        [
          -0.6769296777533724,
          0.22099282346500262,
          -0.7020885865117137,
          -3.2357225066610247
        ],
        [
          -0.7359161699720832,
          -0.22123839516395638,
          0.6399069958037463,
          2.273907344848051
        ],
        [
          -0.013914098385104713,
          0.9498503800283732,
          0.31239502778069156,
          0.5768724559653259
        ],
        [
          0.0,
          0.0,
          0.0,
          1.0
        ]
      ]
    },
    {
      "file_path": "./images/0015.jpg",
      "sharpness": 96.20945372025172,
      "transform_matrix": [
        [
          -0.6308415163921436,
          0.23608914090039393,
          -0.7391217076377271,
          -3.053548717269131
        ],
        [
          -0.7756879244640872,
          -0.21476969080154193,
          0.5934494281346022,
          1.9977307696888955
        ],
        [
          -0.01863397495793414,
          0.947700320470343,
          0.31861713311385237,
          0.6311194942080943
        ],
        [
          0.0,
          0.0,
          0.0,
          1.0
        ]
      ]
    },
    {
      "file_path": "./images/0004.jpg",
      "sharpness": 169.45657573308938,
      "transform_matrix": [
        [
          -0.7217161352544628,
          0.23887299642865498,
          -0.6496656922193849,
          -4.520591314991206
        ],
        [
          -0.6921768446158137,
          -0.25465484560207335,
          0.6753089110834828,
          4.83237189446115
        ],
        [
          -0.0041274534396080415,
          0.9370648863056332,
          0.3491308679236611,
          1.342236726192331
        ],
        [
          0.0,
          0.0,
          0.0,
          1.0
        ]
      ]
    },
    {
      "file_path": "./images/0018.jpg",
      "sharpness": 32.24578854996364,
      "transform_matrix": [
        [
          -0.3647579594827482,
          0.2864177240741547,
          -0.8859551446244317,
          -3.2605587397240656
        ],
        [
          -0.930978025685757,
          -0.1277389353389208,
          0.34199807029924584,
          1.2300322883992432
        ],
        [
          -0.015216657999501827,
          0.9495512896579837,
          0.31324240068068787,
          0.6771394946673698
        ],
        [
          0.0,
          0.0,
          0.0,
          1.0
        ]
      ]
    },
    {
      "file_path": "./images/0005.jpg",
      "sharpness": 142.44917113183578,
      "transform_matrix": [
        [
          -0.7117689843814732,
          0.2620836116408992,
          -0.6516878803063345,
          -4.344444982039216
        ],
        [
          -0.7023793879534052,
          -0.2747227537818828,
          0.6566510518779197,
          4.635471789790032
        ],
        [
          -0.006936009820073751,
          0.9251159867943884,
          0.3796212621827649,
          1.33756333448434
        ],
        [
          0.0,
          0.0,
          0.0,
          1.0
        ]
      ]
    },
    {
      "file_path": "./images/0020.jpg",
      "sharpness": 22.948378501943896,
      "transform_matrix": [
        [
          -0.1372517541002784,
          0.28361291022663354,
          -0.9490656842945647,
          -3.2483942106415413
        ],
        [
          -0.9902995772432905,
          -0.060230238461984324,
          0.12521607598967183,
          0.5811260550957442
        ],
        [
          -0.02164955676255782,
          0.9570454720041587,
          0.28912845097695977,
          0.6795887424513034
        ],
        [
          0.0,
          0.0,
          0.0,
          1.0
        ]
      ]
    },
    {
      "file_path": "./images/0016.jpg",
      "sharpness": 100.44836317405698,
      "transform_matrix": [
        [
          -0.5716424295113309,
          0.25306855204206863,
          -0.780500634660888,
          -2.9973401044028263
        ],
        [
          -0.8203662866375773,
          -0.19363785586563367,
          0.5380553284969046,
          1.8074797972454397
        ],
        [
          -0.014969586496269446,
          0.9478716625685127,
          0.3183005226758959,
          0.6836664442373264
        ],
        [
          0.0,
          0.0,
          0.0,
          1.0
        ]
      ]
    },
    {
      "file_path": "./images/0017.jpg",
      "sharpness": 79.22374236806118,
      "transform_matrix": [
        [
          -0.48031902136298044,
          0.2704590740177311,
          -0.8343533585686075,
          -3.1502707433982686
        ],
        [
          -0.8769762471297939,
          -0.1636682800506032,
          0.4518023418211769,
          1.5000332752278362
        ],
        [
          -0.014363136143370323,
          0.9487173358506868,
          0.3157991718363369,
          0.6768378390185381
        ],
        [
          0.0,
          0.0,
          0.0,
          1.0
        ]
      ]
    },
    {
      "file_path": "./images/0019.jpg",
      "sharpness": 44.9239449285707,
      "transform_matrix": [
        [
          -0.24220819726196594,
          0.28607926919211074,
          -0.9270889066718202,
          -3.3086412289033738
        ],
        [
          -0.9700513842976551,
          -0.08944399394196159,
          0.2258319812816431,
          0.8476846671850001
        ],
        [
          -0.018316686386755234,
          0.9540222343543242,
          0.29917565962726106,
          0.6633362116568166
        ],
        [
          0.0,
          0.0,
          0.0,
          1.0
        ]
      ]
    },
    {
      "file_path": "./images/0025.jpg",
      "sharpness": 52.28469123275072,
      "transform_matrix": [
        [
          0.14912832597053252,
          0.3256913653800806,
          -0.9336411927857619,
          -2.2607382089646353
        ],
        [
          -0.9869080648726424,
          -0.009630543777801755,
          -0.16099603757720174,
          -0.730277181099434
        ],
        [
          -0.061426491679183834,
          0.9454270924293591,
          0.3199912482812143,
          0.6140179567331617
        ],
        [
          0.0,
          0.0,
          0.0,
          1.0
        ]
      ]
    },
    {
      "file_path": "./images/0027.jpg",
      "sharpness": 49.32679700002671,
      "transform_matrix": [
        [
          0.3190363871485629,
          0.29748467722535693,
          -0.8998436811178105,
          -1.984324958941819
        ],
        [
          -0.9457922224551785,
          0.03905651383876401,
          -0.32241535427106466,
          -1.216985040585385
        ],
        [
          -0.0607688704135246,
          0.9539273848145277,
          0.29381914308906865,
          0.614917998747119
        ],
        [
          0.0,
          0.0,
          0.0,
          1.0
        ]
      ]
    },
    {
      "file_path": "./images/0024.jpg",
      "sharpness": 88.47870205319248,
      "transform_matrix": [
        [
          0.06267083426217354,
          0.3200431699877238,
          -0.9453278456881646,
          -2.467178903004823
        ],
        [
          -0.9968291073372184,
          -0.02646108873440099,
          -0.07504359764799184,
          -0.41378549693197336
        ],
        [
          -0.049031594886401214,
          0.9470333574289838,
          0.3173700089417659,
          0.6543905094786329
        ],
        [
          0.0,
          0.0,
          0.0,
          1.0
        ]
      ]
    },
    {
      "file_path": "./images/0026.jpg",
      "sharpness": 54.776214944552194,
      "transform_matrix": [
        [
          0.23144502915604453,
          0.317458213171605,
          -0.9195941938296395,
          -2.113930105145749
        ],
        [
          -0.9707786323870912,
          0.01374298488073016,
          -0.2395829235711443,
          -0.9752403357381745
        ],
        [
          -0.06341959772111663,
          0.9481726705682608,
          0.31136239555919176,
          0.5963878322483974
        ],
        [
          0.0,
          0.0,
          0.0,
          1.0
        ]
      ]
    },
    {
      "file_path": "./images/0021.jpg",
      "sharpness": 67.6972590620147,
      "transform_matrix": [
        [
          -0.07237439807081204,
          0.28678478538587454,
          -0.9552572602871964,
          -3.1807092706180504
        ],
        [
          -0.9970969562880412,
          -0.043521151437916385,
          0.06247854942555783,
          0.3815598081860117
        ],
        [
          -0.023655998498898812,
          0.957005954111429,
          0.2891020537566422,
          0.6666028793799362
        ],
        [
          0.0,
          0.0,
          0.0,
          1.0
        ]
      ]
    },
    {
      "file_path": "./images/0023.jpg",
      "sharpness": 61.60511584455703,
      "transform_matrix": [
        [
          0.009702589710393252,
          0.30740418278585196,
          -0.9515295729061756,
          -2.7851573450583165
        ],
        [
          -0.9992167835431093,
          -0.03352590186362436,
          -0.021019833245599057,
          -0.043782165560414144
        ],
        [
          -0.03836247174274707,
          0.9509882661032206,
          0.30683813070052324,
          0.6618865877622034
        ],
        [
          0.0,
          0.0,
          0.0,
          1.0
        ]
      ]
    },
    {
      "file_path": "./images/0022.jpg",
      "sharpness": 76.35352321869536,
      "transform_matrix": [
        [
          -0.0277665874764228,
          0.29486329378088283,
          -0.9551359351196753,
          -3.0494246699113146
        ],
        [
          -0.9991607493145177,
          -0.036971320029225964,
          0.01763288190361572,
          0.26166007962160903
        ],
        [
          -0.030113346691774057,
          0.9548239415892366,
          0.29564239695116384,
          0.6712928864235104
        ],
        [
          0.0,
          0.0,
          0.0,
          1.0
        ]
      ]
    },
    {
      "file_path": "./images/0028.jpg",
      "sharpness": 47.29898285024666,
      "transform_matrix": [
        [
          0.3967559316671361,
          0.27526938039178994,
          -0.8756777368769848,
          -1.7244968664107696
        ],
        [
          -0.9162716693387661,
          0.06154954022703933,
          -0.3958003057915325,
          -1.5715416851529993
        ],
        [
          -0.055054142842283306,
          0.9593948208495244,
          0.27664167986589583,
          0.6565845926285152
        ],
        [
          0.0,
          0.0,
          0.0,
          1.0
        ]
      ]
    },
    {
      "file_path": "./images/0031.jpg",
      "sharpness": 47.407127820322245,
      "transform_matrix": [
        [
          0.6157926026994689,
          0.25857518451905637,
          -0.7442703436036426,
          -0.8889202852404318
        ],
        [
          -0.7853469485655491,
          0.12532853646131478,
          -0.6062366933194698,
          -2.2455374956721417
        ],
        [
          -0.06347945194189988,
          0.9578265144880703,
          0.28024761779684293,
          0.6160793387308383
        ],
        [
          0.0,
          0.0,
          0.0,
          1.0
        ]
      ]
    },
    {
      "file_path": "./images/0029.jpg",
      "sharpness": 58.37813414348906,
      "transform_matrix": [
        [
          0.4730413357722042,
          0.2566399250584504,
          -0.8428332239969994,
          -1.4903488403866079
        ],
        [
          -0.8794185240327165,
          0.07952323771623619,
          -0.46936032453854104,
          -1.7945913438630836
        ],
        [
          -0.053431771687925844,
          0.9632299847313645,
          0.2633116826969881,
          0.6823860898225163
        ],
        [
          0.0,
          0.0,
          0.0,
          1.0
        ]
      ]
    },
    {
      "file_path": "./images/0030.jpg",
      "sharpness": 39.659522568521375,
      "transform_matrix": [
        [
          0.5398235436343912,
          0.2546084409817936,
          -0.8023497264130917,
          -1.2464294824134026
        ],
        [
          -0.8399169015822993,
          0.09956616454406493,
          -0.5335036806940072,
          -2.0100837159331633
        ],
        [
          -0.05594765551761818,
          0.9619049436485201,
          0.2675980926363897,
          0.700533325016587
        ],
        [
          0.0,
          0.0,
          0.0,
          1.0
        ]
      ]
    },
    {
      "file_path": "./images/0038.jpg",
      "sharpness": 7.0522309002864505,
      "transform_matrix": [
        [
          0.9440447906410805,
          0.13081359012715438,
          -0.3027659786994206,
          0.14073849933921312
        ],
        [
          -0.32973613216181735,
          0.35397790703631715,
          -0.8751992484439369,
          -2.443495011995983
        ],
        [
          -0.007315488303715318,
          0.926060174033022,
          0.377304966382397,
          0.9168263332029976
        ],
        [
          0.0,
          0.0,
          0.0,
          1.0
        ]
      ]
    },
    {
      "file_path": "./images/0040.jpg",
      "sharpness": 6.277517887255585,
      "transform_matrix": [
        [
          0.9926397686983747,
          -0.07396838874078014,
          0.09589039066488808,
          0.690351708355815
        ],
        [
          0.11852220605027212,
          0.4307208236976512,
          -0.8946686865571373,
          -2.880267559061041
        ],
        [
          0.024875213149591513,
          0.8994488587263806,
          0.4363175154203514,
          0.8602333255198408
        ],
        [
          0.0,
          0.0,
          0.0,
          1.0
        ]
      ]
    },
    {
      "file_path": "./images/0032.jpg",
      "sharpness": 54.07248695802569,
      "transform_matrix": [
        [
          0.6838751808200748,
          0.26281508711128315,
          -0.6806195464437775,
          -0.7072882950489574
        ],
        [
          -0.7266730466127679,
          0.16189381511144954,
          -0.6676351368486063,
          -2.3458423306179195
        ],
        [
          -0.06527649163621226,
          0.9511669793326764,
          0.30169580212995023,
          0.6942797731706579
        ],
        [
          0.0,
          0.0,
          0.0,
          1.0
        ]
      ]
    },
    {
      "file_path": "./images/0042.jpg",
      "sharpness": 12.761501510238645,
      "transform_matrix": [
        [
          0.9406209109571388,
          -0.1694699819517131,
          0.29412960926058246,
          1.1293772963606798
        ],
        [
          0.33878956815545547,
          0.5230482304936209,
          -0.7820755571466297,
          -2.3895230453712957
        ],
        [
          -0.021305641105012162,
          0.8352846663037004,
          0.5494047650421631,
          0.9396374628959345
        ],
        [
          0.0,
          0.0,
          0.0,
          1.0
        ]
      ]
    },
    {
      "file_path": "./images/0043.jpg",
      "sharpness": 6.5869192588700205,
      "transform_matrix": [
        [
          0.9182447750733594,
          -0.20326744038345354,
          0.33986597459405904,
          1.3423582678778754
        ],
        [
          0.3953300542294315,
          0.5208992014122765,
          -0.7565567858334804,
          -2.704056363952946
        ],
        [
          -0.023252553392145915,
          0.8290635498048962,
          0.5586706982665771,
          1.14187093196233
        ],
        [
          0.0,
          0.0,
          0.0,
          1.0
        ]
      ]
    },
    {
      "file_path": "./images/0039.jpg",
      "sharpness": 14.686358468797472,
      "transform_matrix": [
        [
          0.9967831598137455,
          0.020238011078522584,
          -0.07754840537138748,
          0.48542421707957084
        ],
        [
          -0.07931467908608861,
          0.38807021622361276,
          -0.9182105907477373,
          -2.611552616679732
        ],
        [
          0.01151147033230148,
          0.9214075809056453,
          0.38842702771101,
          0.8800046584421634
        ],
        [
          0.0,
          0.0,
          0.0,
          1.0
        ]
      ]
    },
    {
      "file_path": "./images/0033.jpg",
      "sharpness": 53.08910805652291,
      "transform_matrix": [
        [
          0.7462443924668968,
          0.25785119490878555,
          -0.6137035668400158,
          -0.5799695511869088
        ],
        [
          -0.6626115856331102,
          0.19942864296273316,
          -0.7219238899984519,
          -2.5865993672180703
        ],
        [
          -0.0637588681530059,
          0.9453787482317928,
          0.31967769562412485,
          0.765225401624409
        ],
        [
          0.0,
          0.0,
          0.0,
          1.0
        ]
      ]
    },
    {
      "file_path": "./images/0037.jpg",
      "sharpness": 28.8269552860213,
      "transform_matrix": [
        [
          0.8811498981609703,
          0.18290831370996474,
          -0.4360268405763836,
          -0.19545245670986033
        ],
        [
          -0.47269330250839153,
          0.3180178773462756,
          -0.8218428508246322,
          -2.5199620222449997
        ],
        [
          -0.01165755967281882,
          0.9302737115627974,
          0.36668095510084286,
          0.9837070212003677
        ],
        [
          0.0,
          0.0,
          0.0,
          1.0
        ]
      ]
    },
    {
      "file_path": "./images/0041.jpg",
      "sharpness": 26.59397768181222,
      "transform_matrix": [
        [
          0.9709920988648807,
          -0.1264988650858611,
          0.20290978544737195,
          1.005559675875454
        ],
        [
          0.23894009913272196,
          0.4811904055118031,
          -0.8434236317945517,
          -2.8353686552918163
        ],
        [
          0.009053890266872177,
          0.8674409667182259,
          0.497457733165341,
          0.9388211803603113
        ],
        [
          0.0,
          0.0,
          0.0,
          1.0
        ]
      ]
    },
    {
      "file_path": "./images/0034.jpg",
      "sharpness": 50.326874610805504,
      "transform_matrix": [
        [
          0.7914169442157278,
          0.24523603377418857,
          -0.5599272346504313,
          -0.47570157308401023
        ],
        [
          -0.6088113183194027,
          0.23403990909955,
          -0.7580066619987877,
          -2.675593869700767
        ],
        [
          -0.054845228263045116,
          0.9407893540247116,
          0.33452562270557795,
          0.8307795892405375
        ],
        [
          0.0,
          0.0,
          0.0,
          1.0
        ]
      ]
    },
    {
      "file_path": "./images/0036.jpg",
      "sharpness": 33.99902126366888,
      "transform_matrix": [
        [
          0.844582659526451,
          0.2103894074155003,
          -0.4923580287056531,
          -0.3322946740861712
        ],
        [
          -0.5348810781837775,
          0.2900863720485792,
          -0.7935692338746081,
          -2.542641906427837
        ],
        [
          -0.02413220656183802,
          0.9335878073107039,
          0.3575352326740172,
          0.9180054227390628
        ],
        [
          0.0,
          0.0,
          0.0,
          1.0
        ]
      ]
    },
    {
      "file_path": "./images/0044.jpg",
      "sharpness": 41.75741970365547,
      "transform_matrix": [
        [
          0.901282652285053,
          -0.2129724948355568,
          0.37726952844070727,
          1.5710026532897434
        ],
        [
          0.4327854290683718,
          0.482115394451088,
          -0.7617489867528913,
          -3.6761060223120774
        ],
        [
          -0.01965586537134644,
          0.8498279018967315,
          0.5266936339754992,
          1.5287174948937776
        ],
        [
          0.0,
          0.0,
          0.0,
          1.0
        ]
      ]
    },
    {
      "file_path": "./images/0045.jpg",
      "sharpness": 36.48957679201762,
      "transform_matrix": [
        [
          0.8968179873227257,
          -0.21141151027888463,
          0.38861635438096426,
          1.5855910167778318
        ],
        [
          0.4423615683362389,
          0.44006310115434694,
          -0.7814478292638615,
          -4.149463163316139
        ],
        [
          -0.0058086522793545136,
          0.8727254094432044,
          0.488176831923539,
          1.7657631672577139
        ],
        [
          0.0,
          0.0,
          0.0,
          1.0
        ]
      ]
    },
    {
      "file_path": "./images/0035.jpg",
      "sharpness": 76.68049871931665,
      "transform_matrix": [
        [
          0.8176460235064228,
          0.23068362765467523,
          -0.527484638764531,
          -0.38149096522305304
        ],
        [
          -0.5743629833553728,
          0.2639473282581513,
          -0.7748799721609653,
          -2.5931890876302406
        ],
        [
          -0.03952396187593097,
          0.9365451787271087,
          0.348311619956401,
          0.839366965931904
        ],
        [
          0.0,
          0.0,
          0.0,
          1.0
        ]
      ]
    },
    {
      "file_path": "./images/0046.jpg",
      "sharpness": 34.71759319206401,
      "transform_matrix": [
        [
          0.8896156929555746,
          -0.21245161966366144,
          0.40428730886065933,
          1.6049641407625135
        ],
        [
          0.45669825629729066,
          0.4075026809211065,
          -0.7908022937098783,
          -4.604692734823661
        ],
        [
          0.0032590659093043794,
          0.8881474395093586,
          0.4595470641168141,
          1.8144815600776014
        ],
        [
          0.0,
          0.0,
          0.0,
          1.0
        ]
      ]
    },
    {
      "file_path": "./images/0048.jpg",
      "sharpness": 82.7909739553558,
      "transform_matrix": [
        [
          0.8324925074812197,
          -0.23404009553022423,
          0.502176720515965,
          2.263756955754865
        ],
        [
          0.5540300117837149,
          0.35598306645324074,
          -0.752546877238331,
          -4.64159445757425
        ],
        [
          -0.0026402658308742207,
          0.9047106112142671,
          0.4260184724969842,
          1.8521972476750872
        ],
        [
          0.0,
          0.0,
          0.0,
          1.0
        ]
      ]
    },
    {
      "file_path": "./images/0051.jpg",
      "sharpness": 85.666109031676,
      "transform_matrix": [
        [
          0.7084269450957508,
          -0.25583149840365466,
          0.6577853052806654,
          2.9508225710783567
        ],
        [
          0.7050433110234892,
          0.2992111376070255,
          -0.6429514948366047,
          -4.088978725540701
        ],
        [
          -0.03232944516929396,
          0.919251292909519,
          0.39234151885218266,
          1.8465334357427512
        ],
        [
          0.0,
          0.0,
          0.0,
          1.0
        ]
      ]
    },
    {
      "file_path": "./images/0049.jpg",
      "sharpness": 95.59481674616305,
      "transform_matrix": [
        [
          0.7936672165722946,
          -0.2489269430545873,
          0.5550925385160742,
          2.5892475109462407
        ],
        [
          0.6082770905279713,
          0.3390483710045379,
          -0.7176664846972269,
          -4.575855336372967
        ],
        [
          -0.009556696772236003,
          0.9072384356392149,
          0.42050813357380884,
          1.861141070034271
        ],
        [
          0.0,
          0.0,
          0.0,
          1.0
        ]
      ]
    },
    {
      "file_path": "./images/0047.jpg",
      "sharpness": 62.75197343943917,
      "transform_matrix": [
        [
          0.8730594968304833,
          -0.21896239064556466,
          0.43568633950723906,
          1.812893401107915
        ],
        [
          0.4875406093309809,
          0.3765182525834709,
          -0.7877424450442827,
          -4.784742510802614
        ],
        [
          0.008442109754124188,
          0.90016080614292,
          0.4354758935039249,
          1.8627125429871156
        ],
        [
          0.0,
          0.0,
          0.0,
          1.0
        ]
      ]
    },
    {
      "file_path": "./images/0050.jpg",
      "sharpness": 112.04789700799522,
      "transform_matrix": [
        [
          0.749440693695097,
          -0.2551700283252995,
          0.6109229928842198,
          2.879868888265896
        ],
        [
          0.6616672143041388,
          0.3209080320041093,
          -0.6776536965957836,
          -4.426610133992846
        ],
        [
          -0.023133182397445252,
          0.9120889713178397,
          0.4093391799333973,
          1.8720916407922419
        ],
        [
          0.0,
          0.0,
          0.0,
          1.0
        ]
      ]
    },
    {
      "file_path": "./images/0052.jpg",
      "sharpness": 142.79588270623475,
      "transform_matrix": [
        [
          0.6548166135371449,
          -0.2540578799039278,
          0.7118074151417654,
          3.0438342930228695
        ],
        [
          0.7547907629328868,
          0.2681865449607538,
          -0.5986375207860629,
          -3.8999964389211357
        ],
        [
          -0.038808591982464294,
          0.929263456033541,
          0.3673735461692256,
          1.8701627018973848
        ],
        [
          0.0,
          0.0,
          0.0,
          1.0
        ]
      ]
    },
    {
      "file_path": "./images/0053.jpg",
      "sharpness": 148.21709953039542,
      "transform_matrix": [
        [
          0.587683684263599,
          -0.2530108534455933,
          0.7685137573559955,
          3.203162703053307
        ],
        [
          0.8078095487622704,
          0.2369169315435646,
          -0.53973521330015,
          -3.8345737973198832
        ],
        [
          -0.04551505429008759,
          0.9380063302263753,
          0.3436167985477908,
          1.9254910213267387
        ],
        [
          0.0,
          0.0,
          0.0,
          1.0
        ]
      ]
    },
    {
      "file_path": "./images/0056.jpg",
      "sharpness": 95.734976567067,
      "transform_matrix": [
        [
          0.44735455547605385,
          -0.2375735532997101,
          0.8622254394435985,
          3.684378430113304
        ],
        [
          0.8936644015792455,
          0.15666710478286272,
          -0.4204989365368764,
          -3.473184472054263
        ],
        [
          -0.03518293675594498,
          0.9586522961993733,
          0.28239677035849864,
          1.9243448711332256
        ],
        [
          0.0,
          0.0,
          0.0,
          1.0
        ]
      ]
    },
    {
      "file_path": "./images/0058.jpg",
      "sharpness": 104.01661452143983,
      "transform_matrix": [
        [
          0.37406745575247863,
          -0.28424232497738033,
          0.8827682817108097,
          3.6935040082740564
        ],
        [
          0.927196813333984,
          0.1346214967517815,
          -0.34954702395428094,
          -2.8684614431932873
        ],
        [
          -0.019483528591218574,
          0.9492541036310083,
          0.31390609871319947,
          1.9542446629992918
        ],
        [
          0.0,
          0.0,
          0.0,
          1.0
        ]
      ]
    },
    {
      "file_path": "./images/0057.jpg",
      "sharpness": 150.58205077917313,
      "transform_matrix": [
        [
          0.43183291371767807,
          -0.2582607450456302,
          0.8641884760600036,
          3.626822747999026
        ],
        [
          0.9016738846306263,
          0.1474714253491001,
          -0.406492785274598,
          -3.1460717123527573
        ],
        [
          -0.02246197675414427,
          0.9547531441323885,
          0.2965499845314943,
          1.9520007786009133
        ],
        [
          0.0,
          0.0,
          0.0,
          1.0
        ]
      ]
    },
    {
      "file_path": "./images/0054.jpg",
      "sharpness": 147.90297634435458,
      "transform_matrix": [
        [
          0.5302560349540891,
          -0.2489022188514419,
          0.8104790082426144,
          3.5503335982540447
        ],
        [
          0.8467209539954433,
          0.2045089563156901,
          -0.4911615954565187,
          -3.86602522015861
        ],
        [
          -0.04349900516773064,
          0.9466909591809651,
          0.3191928324860324,
          1.990169630701098
        ],
        [
          0.0,
          0.0,
          0.0,
          1.0
        ]
      ]
    },
    {
      "file_path": "./images/0055.jpg",
      "sharpness": 95.76894410911724,
      "transform_matrix": [
        [
          0.4822519311029634,
          -0.24438766353468933,
          0.8412536744739086,
          3.7325754601694148
        ],
        [
          0.8750713656425353,
          0.17935966458287755,
          -0.44953333108113963,
          -3.7722397296186103
        ],
        [
          -0.041026576418867804,
          0.9529453187827115,
          0.3003531910825616,
          1.9503973565757022
        ],
        [
          0.0,
          0.0,
          0.0,
          1.0
        ]
      ]
    },
    {
      "file_path": "./images/0062.jpg",
      "sharpness": 126.06887408319989,
      "transform_matrix": [
        [
          0.12441458835093562,
          -0.2956906835359666,
          0.9471473115792681,
          3.9680488085720076
        ],
        [
          0.9909325089233865,
          0.08583431020151193,
          -0.1033694052934084,
          -0.5647938166771437
        ],
        [
          -0.05073236604070863,
          0.9514197237909447,
          0.3036885512716743,
          1.9628938806064464
        ],
        [
          0.0,
          0.0,
          0.0,
          1.0
        ]
      ]
    },
    {
      "file_path": "./images/0059.jpg",
      "sharpness": 180.93546277219863,
      "transform_matrix": [
        [
          0.3088834746213147,
          -0.2923153473194632,
          0.9050650456092644,
          3.919039691580648
        ],
        [
          0.9508395047103494,
          0.11717320259271019,
          -0.28666125806607423,
          -2.2368971713056043
        ],
        [
          -0.022253884734136038,
          0.9491165251285294,
          0.314137846013816,
          1.9831025186814055
        ],
        [
          0.0,
          0.0,
          0.0,
          1.0
        ]
      ]
    },
    {
      "file_path": "./images/0063.jpg",
      "sharpness": 123.80852025505231,
      "transform_matrix": [
        [
          0.05737942450780636,
          -0.30586666182749617,
          0.9503437203359592,
          3.7577128983836108
        ],
        [
          0.9970182966696816,
          0.06675155872877458,
          -0.03871363471498599,
          -0.07843883121955117
        ],
        [
          -0.05159571444304607,
          0.9497314433806375,
          0.30878482420814807,
          1.967850602898683
        ],
        [
          0.0,
          0.0,
          0.0,
          1.0
        ]
      ]
    },
    {
      "file_path": "./images/0060.jpg",
      "sharpness": 79.44146668209386,
      "transform_matrix": [
        [
          0.23309776816181,
          -0.2918069608969272,
          0.9276390073764778,
          4.124818471963115
        ],
        [
          0.9718811482153261,
          0.10262301971430063,
          -0.21193288930238566,
          -1.719763661083649
        ],
        [
          -0.033353623800316444,
          0.9509559471148464,
          0.3075228810711594,
          1.9929717097569546
        ],
        [
          0.0,
          0.0,
          0.0,
          1.0
        ]
      ]
    },
    {
      "file_path": "./images/0064.jpg",
      "sharpness": 148.20374621913578,
      "transform_matrix": [
        [
          -0.0009653592597586711,
          -0.32000205571879714,
          0.9474163563996447,
          3.681160539042044
        ],
        [
