{
  "camera_angle_x": 0.6355878148583497,
  "camera_angle_y": 1.0572845211018111,
  "fl_x": 1094.41511081961,
  "fl_y": 1095.7128988255135,
  "k1": 0.1563049156427009,
  "k2": -0.2873222764180729,
  "k3": 0,
  "k4": 0,
  "p1": 0.0004502288110964334,
  "p2": 0.0013952320826965136,
  "is_fisheye": false,
  "cx": 360.49171306207825,
  "cy": 638.0371989841605,
  "w": 720.0,
  "h": 1280.0,
  "aabb_scale": 32,
  "frames": [
    {
      "file_path": "./images/0104.jpg",
      "sharpness": 42.055393878926154,
      "transform_matrix": [
        [
          -0.20734640756244915,
          -0.34062971049690505,
          0.9170489995766261,
          4.524567599450645
        ],
        [
          0.9251733977725339,
          0.23634946178734095,
          0.2969732580052892,
          1.6208126033272743
        ],
        [
          -0.31790195238221947,
          0.9100056770517233,
          0.2661353348117728,
          1.0954635343465744
        ],
        [
          0.0,
          0.0,
          0.0,
          1.0
        ]
      ]
    },
    {
      "file_path": "./images/0038.jpg",
      "sharpness": 15.053250866529678,
      "transform_matrix": [
        [
          -0.2984456459042886,
          0.9541393140233155,
          -0.02341721381031881,
          -0.21898551584989448
        ],
        [
          -0.5650560218084282,
          -0.15686439923427614,
          0.8100032422616098,
          1.3706736682252247
        ],
        [
          0.7691826107520577,
          0.25497397849883024,
          0.585957661981899,
          0.7231069552394139
        ],
        [
          0.0,
          0.0,
          0.0,
          1.0
        ]
      ]
    },
    {
      "file_path": "./images/0040.jpg",
      "sharpness": 50.55821928569535,
      "transform_matrix": [
        [
          -0.6929248583087448,
          0.7073989820809251,
          -0.13943393028752582,
          -0.8100392192351841
        ],
        [
          -0.3426350682972284,
          -0.15291722045873613,
          0.9269398759701435,
          3.0486190098529593
        ],
        [
          0.6343944756542929,
          0.6900746364443547,
          0.3483398418580246,
          1.4616934314620436
        ],
        [
          0.0,
          0.0,
          0.0,
          1.0
        ]
      ]
    },
    {
      "file_path": "./images/0097.jpg",
      "sharpness": 117.3521775580406,
      "transform_matrix": [
        [
          -0.3026010588327767,
          -0.4296453601178543,
          0.8507863796213664,
          3.7991678604247525
        ],
        [
          0.9081748393983554,
          0.14089739228860687,
          0.3941654296529048,
          1.46722136742118
        ],
        [
          -0.28922493025254625,
          0.891937660043188,
          0.34755740582997147,
          0.8580524815823365
        ],
        [
          0.0,
          0.0,
          0.0,
          1.0
        ]
      ]
    },
    {
      "file_path": "./images/0039.jpg",
      "sharpness": 20.98505497848958,
      "transform_matrix": [
        [
          -0.5452313816404007,
          0.8310629939021767,
          -0.10980455667958117,
          -0.4505565329936647
        ],
        [
          -0.43923662419798853,
          -0.17165705833846479,
          0.8818191664333209,
          2.249940508630514
        ],
        [
          0.7139985493446215,
          0.5290256652689223,
          0.4586261190236738,
          1.3088864921997183
        ],
        [
          0.0,
          0.0,
          0.0,
          1.0
        ]
      ]
    },
    {
      "file_path": "./images/0041.jpg",
      "sharpness": 43.61204968417013,
      "transform_matrix": [
        [
          -0.7761918001933978,
          0.6115076150601761,
          -0.1535731944796929,
          -0.8611115135440173
        ],
        [
          -0.2646603124418191,
          -0.09492836128875091,
          0.959658025155132,
          3.8016912090851016
        ],
        [
          0.5722597385461373,
          0.7855234197488868,
          0.23552441210050282,
          1.5050378437983085
        ],
        [
          0.0,
          0.0,
          0.0,
          1.0
        ]
      ]
    },
    {
      "file_path": "./images/0046.jpg",
      "sharpness": 28.519372243014697,
      "transform_matrix": [
        [
          -0.8645234934237429,
          0.47870159451969974,
          -0.15311405144353557,
          -0.9690381036707688
        ],
        [
          -0.16517409079649736,
          0.017111557781437907,
          0.9861159740736685,
          3.034570133885276
        ],
        [
          0.4746753091088381,
          0.8778109010624796,
          0.06427575692649422,
          -0.1979660651419543
        ],
        [
          0.0,
          0.0,
          0.0,
          1.0
        ]
      ]
    },
    {
      "file_path": "./images/0042.jpg",
      "sharpness": 51.47092230834961,
      "transform_matrix": [
        [
          -0.8158463078792205,
          0.55838221265649,
          -0.15034662129704035,
          -0.8056143703637472
        ],
        [
          -0.2231587978287042,
          -0.06416015340896132,
          0.9726683019763742,
          4.4388587515597395
        ],
        [
          0.5334744163514616,
          0.8270990142248309,
          0.17695272757702007,
          1.3436883891007887
        ],
        [
          0.0,
          0.0,
          0.0,
          1.0
        ]
      ]
    },
    {
      "file_path": "./images/0047.jpg",
      "sharpness": 20.973875547239516,
      "transform_matrix": [
        [
          -0.8695661984344322,
          0.45932398709747624,
          -0.1813176810019285,
          -1.091709442675067
        ],
        [
          -0.18186609781203547,
          0.04348748826618327,
          0.9823612170858228,
          2.551666920125851
        ],
        [
          0.4591071215268122,
          0.8872036481388891,
          0.045720211313796714,
          -0.8429187990833821
        ],
        [
          0.0,
          0.0,
          0.0,
          1.0
        ]
      ]
    },
    {
      "file_path": "./images/0045.jpg",
      "sharpness": 27.812223074141848,
      "transform_matrix": [
        [
          -0.8559072158110469,
          0.4972273390493016,
          -0.14208381769674686,
          -0.7399291582455535
        ],
        [
          -0.15970952961284943,
          0.007159320161884558,
          0.9871380907902798,
          3.7249192925326398
        ],
        [
          0.4918492696985726,
          0.8675907545992864,
          0.07328423064335433,
          0.49480542510080106
        ],
        [
          0.0,
          0.0,
          0.0,
          1.0
        ]
      ]
    },
    {
      "file_path": "./images/0043.jpg",
      "sharpness": 34.435515244179015,
      "transform_matrix": [
        [
          -0.8327662492760135,
          0.5289821827367401,
          -0.16333470066273248,
          -0.8247614036096481
        ],
        [
          -0.20585965762062536,
          -0.02199894096690843,
          0.978334220992024,
          4.594815195372237
        ],
        [
          0.5139281812286821,
          0.8483477453098959,
          0.12721606658265328,
          1.2861561352108748
        ],
        [
          0.0,
          0.0,
          0.0,
          1.0
        ]
      ]
    },
    {
      "file_path": "./images/0044.jpg",
      "sharpness": 93.76391940434654,
      "transform_matrix": [
        [
          -0.8450560774847541,
          0.5091553459173862,
          -0.1632208922184219,
          -0.6430666443721653
        ],
        [
          -0.18504083855717393,
          0.007909418564723877,
          0.9826990023234188,
          4.489270412908897
        ],
        [
          0.5016374328157135,
          0.8606382950177567,
          0.08753062993693067,
          1.0585670961555036
        ],
        [
          0.0,
          0.0,
          0.0,
          1.0
        ]
      ]
    },
    {
      "file_path": "./images/0051.jpg",
      "sharpness": 15.61519890701741,
      "transform_matrix": [
        [
          -0.8884432345151383,
          0.44203241660188514,
          -0.12359596168211112,
          -0.8928000546262339
        ],
        [
          -0.12517779540123547,
          0.02572032645472658,
          0.9918008793850537,
          3.094275735018907
        ],
        [
          0.44158706798539993,
          0.896630251279678,
          0.03248159337788202,
          -0.24893982219559319
        ],
        [
          0.0,
          0.0,
          0.0,
          1.0
        ]
      ]
    },
    {
      "file_path": "./images/0048.jpg",
      "sharpness": 40.67490273263718,
      "transform_matrix": [
        [
          -0.8725513446401486,
          0.44685360421817805,
          -0.19742342158579343,
          -1.2352708311776597
        ],
        [
          -0.19231934490670335,
          0.05728743069017444,
          0.9796588282983989,
          2.5369001490706746
        ],
        [
          0.44907395891001,
          0.8927709710289804,
          0.035952367752748335,
          -1.1563055392219381
        ],
        [
          0.0,
          0.0,
          0.0,
          1.0
        ]
      ]
    },
    {
      "file_path": "./images/0050.jpg",
      "sharpness": 30.957821962981747,
      "transform_matrix": [
        [
          -0.8793165377261104,
          0.44043545357125274,
          -0.18116025432086308,
          -1.2487222928942743
        ],
        [
          -0.17515734913768474,
          0.05464125189131229,
          0.9830230092109878,
          2.6197412772531035
        ],
        [
          0.44285700802185957,
          0.8961199388804602,
          0.029098550083705703,
          -1.133782246740888
        ],
        [
          0.0,
          0.0,
          0.0,
          1.0
        ]
      ]
    },
    {
      "file_path": "./images/0052.jpg",
      "sharpness": 32.77463704238705,
      "transform_matrix": [
        [
          -0.8984554748871211,
          0.4364206531914564,
          -0.048112089333655246,
          -0.1715998707479676
        ],
        [
          -0.06295638080284521,
          -0.019605218287141048,
          0.9978236966195669,
          3.686758136425762
        ],
        [
          0.4345276214349882,
          0.8995291262172661,
          0.045089880538987055,
          0.6005255840681673
        ],
        [
          0.0,
          0.0,
          0.0,
          1.0
        ]
      ]
    },
    {
      "file_path": "./images/0053.jpg",
      "sharpness": 33.22409091659356,
      "transform_matrix": [
        [
          -0.9121653334010993,
          0.40683981426242755,
          0.04935352164663186,
          0.25178324966701054
        ],
        [
          0.019364829610318213,
          -0.07750435685685603,
          0.9968039315962721,
          3.7314126410954125
        ],
        [
          0.409364639340528,
          0.9102057131373964,
          0.06281840383048645,
          0.8048301104522998
        ],
        [
          0.0,
          0.0,
          0.0,
          1.0
        ]
      ]
    },
    {
      "file_path": "./images/0057.jpg",
      "sharpness": 27.292427079602223,
      "transform_matrix": [
        [
          -0.873420113481161,
          0.14082777339653238,
          0.4661596761126819,
          1.6875711085009517
        ],
        [
          0.42341071981281175,
          -0.2532326291039806,
          0.8698256135042814,
          3.071447797908967
        ],
        [
          0.2405424447573551,
          0.957100190066308,
          0.16155048274567033,
          0.7451605725767242
        ],
        [
          0.0,
          0.0,
          0.0,
          1.0
        ]
      ]
    },
    {
      "file_path": "./images/0054.jpg",
      "sharpness": 51.642382631456115,
      "transform_matrix": [
        [
          -0.9217499526670926,
          0.34774568950048484,
          0.1716099071114314,
          0.5803479138115435
        ],
        [
          0.11878530273342776,
          -0.168070362357221,
          0.978592052468779,
          3.6364809376791345
        ],
        [
          0.36914370729775753,
          0.9224019128117771,
          0.11361177154595033,
          0.854675748352349
        ],
        [
          0.0,
          0.0,
          0.0,
          1.0
        ]
      ]
    },
    {
      "file_path": "./images/0049.jpg",
      "sharpness": 71.20807715756334,
      "transform_matrix": [
        [
          -0.8752611296717429,
          0.4400882480887305,
          -0.20059982254898853,
          -1.2842374192235375
        ],
        [
          -0.19316555018643,
          0.062160434179450004,
          0.9791951545260081,
          2.5524686257391513
        ],
        [
          0.4434016521582904,
          0.8958004322095069,
          0.030603276731850367,
          -1.2610160928618024
        ],
        [
          0.0,
          0.0,
          0.0,
          1.0
        ]
      ]
    },
    {
      "file_path": "./images/0055.jpg",
      "sharpness": 56.03848595758015,
      "transform_matrix": [
        [
          -0.9155434653814676,
          0.26390609438329715,
          0.3035353955824544,
          1.0747075630146103
        ],
        [
          0.25014904985437786,
          -0.2173562016405608,
          0.9434944273649722,
          3.558136787312772
        ],
        [
          0.3149692300455627,
          0.9397392483999539,
          0.13298319131139086,
          0.8096822109625694
        ],
        [
          0.0,
          0.0,
          0.0,
          1.0
        ]
      ]
    },
    {
      "file_path": "./images/0062.jpg",
      "sharpness": 16.343402136527157,
      "transform_matrix": [
        [
          -0.828122159643573,
          0.20232205966387215,
          0.5227613919441477,
          1.1052111716026238
        ],
        [
          0.5438826217582076,
          0.06430315886454063,
          0.8366939688517404,
          1.3412329736740696
        ],
        [
          0.13566643825199112,
          0.9772056528508088,
          -0.16329032304031438,
          -1.3751792588008978
        ],
        [
          0.0,
          0.0,
          0.0,
          1.0
        ]
      ]
    },
    {
      "file_path": "./images/0059.jpg",
      "sharpness": 23.218178653250803,
      "transform_matrix": [
        [
          -0.8533161651030567,
          0.12130867192327296,
          0.5070855238682863,
          1.7351469673918931
        ],
        [
          0.48234476469192744,
          -0.1856223669441709,
          0.8560887015185692,
          2.2399038094223336
        ],
        [
          0.19797739861329275,
          0.9751043754568122,
          0.09988196350423105,
          0.20443535848774325
        ],
        [
          0.0,
          0.0,
          0.0,
          1.0
        ]
      ]
    },
    {
      "file_path": "./images/0060.jpg",
      "sharpness": 27.54882244725992,
      "transform_matrix": [
        [
          -0.835824056885165,
          0.13680996993646619,
          0.5316777013236095,
          1.5036297587359468
        ],
        [
          0.519160225644412,
          -0.11795601884474592,
          0.8464981026148601,
          1.787698674087548
        ],
        [
          0.17852396492667352,
          0.9835493936624147,
          0.027564183342217632,
          -0.45441496475597887
        ],
        [
          0.0,
          0.0,
          0.0,
          1.0
        ]
      ]
    },
    {
      "file_path": "./images/0063.jpg",
      "sharpness": 13.615067020821282,
      "transform_matrix": [
        [
          -0.8272326643462696,
          0.2056164883366271,
          0.5228842881455087,
          0.9518969055233214
        ],
        [
          0.5472380048363034,
          0.08392706016813989,
          0.832758557228764,
          1.2707426141894786
        ],
        [
          0.12734474905749138,
          0.9750272346585049,
          -0.18194836243242288,
          -1.6775452407047566
        ],
        [
          0.0,
          0.0,
          0.0,
          1.0
        ]
      ]
    },
    {
      "file_path": "./images/0058.jpg",
      "sharpness": 41.27740906642278,
      "transform_matrix": [
        [
          -0.8588499592970856,
          0.11618021029590801,
          0.49887764650036476,
          1.8212671544414738
        ],
        [
          0.4627085458300462,
          -0.2418067392107389,
          0.8528952470799277,
          2.766152914518295
        ],
        [
          0.2197215261315072,
          0.9633439985985733,
          0.15391813196865553,
          0.5900130968280305
        ],
        [
          0.0,
          0.0,
          0.0,
          1.0
        ]
      ]
    },
    {
      "file_path": "./images/0061.jpg",
      "sharpness": 29.014269745437012,
      "transform_matrix": [
        [
          -0.8340230747438427,
          0.16331050948545014,
          0.527005871232171,
          1.3622882479879241
        ],
        [
          0.5293897169504718,
          -0.03218144033345949,
          0.8477681773271395,
          1.5155016936337844
        ],
        [
          0.1554092609652875,
          0.9860497109271997,
          -0.05961484057494244,
          -0.9124268406379885
        ],
        [
          0.0,
          0.0,
          0.0,
          1.0
        ]
      ]
    },
    {
      "file_path": "./images/0056.jpg",
      "sharpness": 49.981729589843745,
      "transform_matrix": [
        [
          -0.9028752626714991,
          0.19620618306344426,
          0.3825171810654988,
          1.3252092402912514
        ],
        [
          0.33382995909128266,
          -0.24065442959350314,
          0.9113961838484707,
          3.317758123337476
        ],
        [
          0.27087602051052984,
          0.9505727637967981,
          0.15178142926676755,
          0.7656904666835982
        ],
        [
          0.0,
          0.0,
          0.0,
          1.0
        ]
      ]
    },
    {
      "file_path": "./images/0066.jpg",
      "sharpness": 7.342937173460735,
      "transform_matrix": [
        [
          -0.816004595946532,
          0.041750451223143685,
          0.5765356877449574,
          1.481155772601919
        ],
        [
          0.5622554588445202,
          -0.17419985246681477,
          0.8084078243086811,
          1.799774337580458
        ],
        [
          0.13418382318423236,
          0.9838248376883023,
          0.1186734611166943,
          -0.21009111196948674
        ],
        [
          0.0,
          0.0,
          0.0,
          1.0
        ]
      ]
    },
    {
      "file_path": "./images/0065.jpg",
      "sharpness": 20.962593315294047,
      "transform_matrix": [
        [
          -0.8232967942456069,
          0.13015060309544116,
          0.5524881981776165,
          1.0746607164664308
        ],
        [
          0.552021608834369,
          -0.04296254007957003,
          0.8327222607407845,
          1.3479901031788766
        ],
        [
          0.13211560080410759,
          0.9905629917848522,
          -0.03647502379135022,
          -1.3853071160721242
        ],
        [
          0.0,
          0.0,
          0.0,
          1.0
        ]
      ]
    },
    {
      "file_path": "./images/0068.jpg",
      "sharpness": 7.276121885924866,
      "transform_matrix": [
        [
          -0.7954387417817713,
          -0.18151984476070002,
          0.5782108214634465,
          2.141703456521938
        ],
        [
          0.5964989344188012,
          -0.4030806376198499,
          0.6940569290891254,
          2.2939966996163497
        ],
        [
          0.10708048057083697,
          0.8969819092719395,
          0.4289023492005514,
          1.1447279104274206
        ],
        [
          0.0,
          0.0,
          0.0,
          1.0
        ]
      ]
    },
    {
      "file_path": "./images/0069.jpg",
      "sharpness": 12.280478693074352,
      "transform_matrix": [
        [
          -0.7890615464077307,
          -0.28230028368712556,
          0.5456083080723376,
          2.0407117028142543
        ],
        [
          0.6085212179666941,
          -0.48086783278616024,
          0.6312432610961403,
          2.136613191182821
        ],
        [
          0.08416533296984183,
          0.8301040159209053,
          0.5512200282176147,
          1.4730142097452654
        ],
        [
          0.0,
          0.0,
          0.0,
          1.0
        ]
      ]
    },
    {
      "file_path": "./images/0071.jpg",
      "sharpness": 10.520255987996231,
      "transform_matrix": [
        [
          -0.7698372172098119,
          -0.4093182591228172,
          0.4897031976351277,
          1.5191846280946635
        ],
        [
          0.6359826632108283,
          -0.556446183463627,
          0.5346902813848808,
          1.3312958191894166
        ],
        [
          0.05363498020765215,
          0.723067222105315,
          0.6886922979424084,
          2.111538135385319
        ],
        [
          0.0,
          0.0,
          0.0,
          1.0
        ]
      ]
    },
    {
      "file_path": "./images/0067.jpg",
      "sharpness": 38.52938409093103,
      "transform_matrix": [
        [
          -0.8100609896678361,
          -0.073693087209229,
          0.5816962454259857,
          1.9599407862752634
        ],
        [
          0.5732402995505003,
          -0.30811050644156984,
          0.7592519178737643,
          2.2099732108143777
        ],
        [
          0.12327510697571419,
          0.9484920899754173,
          0.2918321491617359,
          0.6948623740346772
        ],
        [
          0.0,
          0.0,
          0.0,
          1.0
        ]
      ]
    },
    {
      "file_path": "./images/0077.jpg",
      "sharpness": 12.324139534325077,
      "transform_matrix": [
        [
          -0.7986707116360675,
          -0.1413489134942275,
          0.5849321149120542,
          2.898296050739374
        ],
        [
          0.5983547386560503,
          -0.08314847032123916,
          0.7969052256162616,
          3.04327522263278
        ],
        [
          -0.06400547720202623,
          0.9864617663991736,
          0.15098504015606976,
          0.7110065746633689
        ],
        [
          0.0,
          0.0,
          0.0,
          1.0
        ]
      ]
    },
    {
      "file_path": "./images/0064.jpg",
      "sharpness": 66.14396267356874,
      "transform_matrix": [
        [
          -0.8247926397832612,
          0.18820235105117727,
          0.5331950641603116,
          0.9312769950758009
        ],
        [
          0.5504278428691102,
          0.05142779621164094,
          0.8332972888319565,
          1.2052897057455305
        ],
        [
          0.12940746178205687,
          0.9807828795741611,
          -0.14600908190762935,
          -1.7526322316636198
        ],
        [
          0.0,
          0.0,
          0.0,
          1.0
        ]
      ]
    },
    {
      "file_path": "./images/0074.jpg",
      "sharpness": 17.707231365570024,
      "transform_matrix": [
        [
          -0.7433266382803141,
          -0.30956889068066057,
          0.5929861809286805,
          1.8664940981583704
        ],
        [
          0.6684623620936125,
          -0.3768518538840889,
          0.6412025816321785,
          1.931490232850557
        ],
        [
          0.02497156971316977,
          0.873011902653762,
          0.48705917357245765,
          1.8280488047516539
        ],
        [
          0.0,
          0.0,
          0.0,
          1.0
        ]
      ]
    },
    {
      "file_path": "./images/0070.jpg",
      "sharpness": 32.052131045489844,
      "transform_matrix": [
        [
          -0.7809927454315789,
          -0.3555791414676829,
          0.5134333508480924,
          1.7103296827798717
        ],
        [
          0.621282751939792,
          -0.5261895532234324,
          0.58063094666411,
          1.7707714806805663
        ],
        [
          0.06370301196837504,
          0.7724558422703114,
          0.6318654113328152,
          1.8730426073916882
        ],
        [
          0.0,
          0.0,
          0.0,
          1.0
        ]
      ]
    },
    {
      "file_path": "./images/0078.jpg",
      "sharpness": 6.076222317579056,
      "transform_matrix": [
        [
          -0.7801631604141465,
          -0.1616787608222502,
          0.604322282774963,
          2.7300478118728657
        ],
        [
          0.617541064787974,
          -0.04470895486049525,
          0.7852669244653276,
          3.147968167014615
        ],
        [
          -0.09994236560047653,
          0.9858301515395165,
          0.13472355363455005,
          0.5829738556444318
        ],
        [
          0.0,
          0.0,
          0.0,
          1.0
        ]
      ]
    },
    {
      "file_path": "./images/0075.jpg",
      "sharpness": 19.11208622063413,
      "transform_matrix": [
        [
          -0.7460762958694799,
          -0.20336450194742317,
          0.634044982722916,
          2.530874138678847
        ],
        [
          0.6658453878848216,
          -0.2342667672508769,
          0.7083565494846167,
          2.6133528421787156
        ],
        [
          0.004481091507001432,
          0.9506639580519335,
          0.3101901976370374,
          1.3864613150395921
        ],
        [
          0.0,
          0.0,
          0.0,
          1.0
        ]
      ]
    },
    {
      "file_path": "./images/0079.jpg",
      "sharpness": 9.496358506902062,
      "transform_matrix": [
        [
          -0.7775013101658962,
          -0.16835147665266137,
          0.6059286204050217,
          2.5189227893209676
        ],
        [
          0.6172557790574424,
          -0.019884038715068254,
          0.7865112384626074,
          3.1200762278623633
        ],
        [
          -0.12036202025239219,
          0.9855264610061822,
          0.11937578802906433,
          0.46231726615712804
        ],
        [
          0.0,
          0.0,
          0.0,
          1.0
        ]
      ]
    },
    {
      "file_path": "./images/0080.jpg",
      "sharpness": 15.650195013427737,
      "transform_matrix": [
        [
          -0.7755226367328445,
          -0.13186658687860367,
          0.6173943984250859,
          2.436199963661225
        ],
        [
          0.6210640009569329,
          0.016200932972904106,
          0.7835923918017526,
          3.233426156944223
        ],
        [
          -0.11333201947766995,
          0.9911350730681742,
          0.06933339978268196,
          0.38817817164033397
        ],
        [
          0.0,
          0.0,
          0.0,
          1.0
        ]
      ]
    },
    {
      "file_path": "./images/0081.jpg",
      "sharpness": 11.829721715555072,
      "transform_matrix": [
        [
          -0.8145476881220999,
          -0.05894481104836202,
          0.5770940764313603,
          2.3589560406026875
        ],
        [
          0.5741575674183075,
          0.060068445659137056,
          0.8165383454656642,
          3.2338915505318133
        ],
        [
          -0.08279584265754272,
          0.9964523526574458,
          -0.015085004217278616,
          0.06551538154066572
        ],
        [
          0.0,
          0.0,
          0.0,
          1.0
        ]
      ]
    },
    {
      "file_path": "./images/0076.jpg",
      "sharpness": 51.127306018951806,
      "transform_matrix": [
        [
          -0.7607437753613369,
          -0.13396829277299163,
          0.6350759047603834,
          2.8608188056594517
        ],
        [
          0.6487967430223865,
          -0.12950437119871563,
          0.7498609231633463,
          2.8979248017381094
        ],
        [
          -0.018212481983924257,
          0.9824872082637535,
          0.18543783629089344,
          0.9978740679442237
        ],
        [
          0.0,
          0.0,
          0.0,
          1.0
        ]
      ]
    },
    {
      "file_path": "./images/0085.jpg",
      "sharpness": 15.585442559117455,
      "transform_matrix": [
        [
          -0.8838928271318072,
          0.10976653703300371,
          0.45462597541217703,
          1.8145473022442433
        ],
        [
          0.4675908730568678,
          0.18744318435099702,
          0.8638424787411716,
          2.6415872579433737
        ],
        [
          0.009604456913487849,
          0.9761231274883923,
          -0.21700551702628246,
          -1.394993655986141
        ],
        [
          0.0,
          0.0,
          0.0,
          1.0
        ]
      ]
    },
    {
      "file_path": "./images/0073.jpg",
      "sharpness": 57.35458862337537,
      "transform_matrix": [
        [
          -0.748571765782196,
          -0.4125524543050378,
          0.5190768574569322,
          1.5016692940849865
        ],
        [
          0.6618573769829221,
          -0.5119287383340432,
          0.5476073222706377,
          1.2269470045790172
        ],
        [
          0.039813615938165896,
          0.7534782275163749,
          0.6562662848835656,
          2.1737578826905533
        ],
        [
          0.0,
          0.0,
          0.0,
          1.0
        ]
      ]
    },
    {
      "file_path": "./images/0082.jpg",
      "sharpness": 44.26526252294352,
      "transform_matrix": [
        [
          -0.8399388196491947,
          -0.0010833567439915534,
          0.542680021385745,
          2.1064623620623637
        ],
        [
          0.5404201655346438,
          0.0895172728732911,
          0.8366198076451778,
          3.0792133532210575
        ],
        [
          -0.049485593268040556,
          0.9959846807182552,
          -0.07460356468448597,
          -0.4791802682329343
        ],
        [
          0.0,
          0.0,
          0.0,
          1.0
        ]
      ]
    },
    {
      "file_path": "./images/0072.jpg",
      "sharpness": 93.03562642038129,
      "transform_matrix": [
        [
          -0.7563311403219398,
          -0.4350560557716152,
          0.4885585272436752,
          1.4408127578094352
        ],
        [
          0.6524076331290648,
          -0.5566890790215979,
          0.5142582517922619,
          1.1045718569473628
        ],
        [
          0.048244029906682,
          0.7076888424020766,
          0.7048751775656017,
          2.253318838391682
        ],
        [
          0.0,
          0.0,
          0.0,
          1.0
        ]
      ]
    },
    {
      "file_path": "./images/0083.jpg",
      "sharpness": 59.243060797202716,
      "transform_matrix": [
        [
          -0.8559247953941151,
          0.05266324361585007,
          0.514411632283087,
          2.046540944609934
        ],
        [
          0.5167039293548201,
          0.1260477566794895,
          0.8468347019511981,
          2.8480668480918148
        ],
        [
          -0.020243370047905863,
          0.9906253307067134,
          -0.13509870525465914,
          -0.8454847365239848
        ],
        [
          0.0,
          0.0,
          0.0,
          1.0
        ]
      ]
    },
    {
      "file_path": "./images/0084.jpg",
      "sharpness": 53.94337016341126,
      "transform_matrix": [
        [
          -0.8678799569480858,
          0.08641825109320074,
          0.48919961798077,
          1.898910468351694
        ],
        [
          0.49677008251245297,
          0.1548716025054682,
          0.8539521484611278,
          2.7279596715410186
        ],
        [
          -0.0019660775944527996,
          0.9841476884315367,
          -0.17733996144107783,
          -1.1858638356924012
        ],
        [
          0.0,
          0.0,
          0.0,
          1.0
        ]
      ]
    },
    {
      "file_path": "./images/0092.jpg",
      "sharpness": 5.4340092132839155,
      "transform_matrix": [
        [
          -0.6440071370353279,
          -0.2514807106279699,
          0.722504158919768,
          3.271667162141636
        ],
        [
          0.7627494714369544,
          -0.13837218623097636,
          0.631717010934266,
          2.4316826249023777
        ],
        [
          -0.05889016279482523,
          0.9579199289553461,
          0.28092945460800417,
          0.5481582750740159
        ],
        [
          0.0,
          0.0,
          0.0,
          1.0
        ]
      ]
    },
    {
      "file_path": "./images/0089.jpg",
      "sharpness": 27.686473391384563,
      "transform_matrix": [
        [
          -0.8430302419911527,
          -0.04643321882230039,
          0.535858159688633,
          2.286190584283496
        ],
        [
          0.5358900479595815,
          0.012811690056110658,
          0.844190569183997,
          2.7016264742109755
        ],
        [
          -0.04606373408261157,
          0.9988392347209086,
          0.014082457693281758,
          -0.3503411462359549
        ],
        [
          0.0,
          0.0,
          0.0,
          1.0
        ]
      ]
    },
    {
      "file_path": "./images/0090.jpg",
      "sharpness": 24.86077464462094,
      "transform_matrix": [
        [
          -0.798207382912369,
          -0.12119576751364361,
          0.5900648776428871,
          2.5925490080118205
        ],
        [
          0.6000396910909159,
          -0.07365716969161795,
          0.7965720246606425,
          2.8509227428694266
        ],
        [
          -0.05307864908703769,
          0.9898920180100158,
          0.13151596755269193,
          0.1968233259460517
        ],
        [
          0.0,
          0.0,
          0.0,
          1.0
        ]
      ]
    },
    {
      "file_path": "./images/0088.jpg",
      "sharpness": 38.33717013681201,
      "transform_matrix": [
        [
          -0.860726919568659,
          0.020188926520929615,
          0.5086664695087829,
          1.9449863809905898
        ],
        [
          0.508095152333538,
          0.09578198544175573,
          0.8559586014775546,
          2.5480804584993813
        ],
        [
          -0.031440199067011614,
          0.995197577640101,
          -0.09270002897555485,
          -1.100769948380035
        ],
        [
          0.0,
          0.0,
          0.0,
          1.0
        ]
      ]
    },
    {
      "file_path": "./images/0086.jpg",
      "sharpness": 92.87706578005569,
      "transform_matrix": [
        [
          -0.8868332372111397,
          0.11164071727426425,
          0.4484006686556655,
          1.7679848605665496
        ],
        [
          0.46203654928969307,
          0.1995287601298152,
          0.8641241236101146,
          2.596409707377224
        ],
        [
          0.007002607515583069,
          0.9735114915382518,
          -0.22853082803227626,
          -1.5181611917389526
        ],
        [
          0.0,
          0.0,
          0.0,
          1.0
        ]
      ]
    },
    {
      "file_path": "./images/0095.jpg",
      "sharpness": 11.771319350814817,
      "transform_matrix": [
        [
          -0.37528819626059856,
          -0.42125276787999033,
          0.8256542105068339,
          3.631495398742312
        ],
        [
          0.9031037129007645,
          0.03439954416387545,
          0.42804246881540653,
          1.5409037082651837
        ],
        [
          -0.208716203237094,
          0.9062906691255386,
          0.36752519586069565,
          1.0030517185782741
        ],
        [
          0.0,
          0.0,
          0.0,
          1.0
        ]
      ]
    },
    {
      "file_path": "./images/0091.jpg",
      "sharpness": 48.736495297731004,
      "transform_matrix": [
        [
          -0.7416396608526024,
          -0.1813783768108857,
          0.6458115033836386,
          2.900360375556984
        ],
        [
          0.6684623830748367,
          -0.11955613742313649,
          0.7340738194635384,
          2.809104624954062
        ],
        [
          -0.05593438898568713,
          0.976118955076683,
          0.20991219521259252,
          0.4094021204465629
        ],
        [
          0.0,
          0.0,
          0.0,
          1.0
        ]
      ]
    },
    {
      "file_path": "./images/0087.jpg",
      "sharpness": 87.9869140570558,
      "transform_matrix": [
        [
          -0.8848340542093887,
          0.0837800455580343,
          0.45831168488750096,
          1.7751621415452463
        ],
        [
          0.46584142068232753,
          0.17550830475055285,
          0.8672880754072866,
          2.573688415184797
        ],
        [
          -0.007776072392412513,
          0.9809065903333921,
          -0.19432394028743333,
          -1.5110126805362882
        ],
        [
          0.0,
          0.0,
          0.0,
          1.0
        ]
      ]
    },
    {
      "file_path": "./images/0094.jpg",
      "sharpness": 28.135917849689058,
      "transform_matrix": [
        [
          -0.49210569629079626,
          -0.3730159302390745,
          0.786569195616494,
          3.365065280387539
        ],
        [
          0.8565884398940213,
          -0.046395006246036125,
          0.5139102529029499,
          2.0782828484993794
        ],
        [
          -0.1552038283024251,
          0.9266642429776132,
          0.3423523805922275,
          0.8582475519270727
        ],
        [
          0.0,
          0.0,
          0.0,
          1.0
        ]
      ]
    },
    {
      "file_path": "./images/0103.jpg",
      "sharpness": 17.797204853947957,
      "transform_matrix": [
        [
          -0.24122262354426158,
          -0.39141078550096325,
          0.8880367351133016,
          4.03933165742323
        ],
        [
          0.9210316695602234,
          0.19600365920343618,
          0.3365757407321386,
          1.684536989008003
        ],
        [
          -0.30579782464981453,
          0.8990996399729737,
          0.3132212123565026,
          1.0535646669027685
        ],
        [
          0.0,
          0.0,
          0.0,
          1.0
        ]
      ]
    },
    {
      "file_path": "./images/0093.jpg",
      "sharpness": 49.531378029886895,
      "transform_matrix": [
        [
          -0.5755481468561686,
          -0.3061199296348238,
          0.7583105691981028,
          3.2929858028114705
        ],
        [
          0.8118384932556497,
          -0.1024224229044008,
          0.5748285902407828,
          2.2047593985904697
        ],
        [
          -0.09829848178530845,
          0.9464672397906483,
          0.30746897812940766,
          0.6772361098009171
        ],
        [
          0.0,
          0.0,
          0.0,
          1.0
        ]
      ]
    },
    {
      "file_path": "./images/0100.jpg",
      "sharpness": 17.781962819953023,
      "transform_matrix": [
        [
          -0.328857187243504,
          -0.37781834325280833,
          0.86550924312034,
          3.029823096940963
        ],
        [
          0.8965793918621445,
          0.16297605248732258,
          0.41180602279128203,
          0.9883537062515405
        ],
        [
          -0.29664514910757384,
          0.9114231211929746,
          0.28514829421893534,
          -0.374990642447823
        ],
        [
          0.0,
          0.0,
          0.0,
          1.0
        ]
      ]
    },
    {
      "file_path": "./images/0101.jpg",
      "sharpness": 25.67922958374023,
      "transform_matrix": [
        [
          -0.3199769618486605,
          -0.40047001543393995,
          0.8586259433834913,
          3.122694022438658
        ],
        [
          0.898886410850409,
          0.15803676197158845,
