{
  "camera_angle_x": 0.6309226565999938,
  "camera_angle_y": 1.0505482638600374,
  "fl_x": 1654.6153893498015,
  "fl_y": 1656.354015315724,
  "k1": 0.0766165541383497,
  "k2": -0.09021361441433376,
  "k3": 0,
  "k4": 0,
  "p1": -0.0005182839828889504,
  "p2": -0.00028672020759512205,
  "is_fisheye": false,
  "cx": 539.6909658873578,
  "cy": 967.002306862812,
  "w": 1080.0,
  "h": 1920.0,
  "aabb_scale": 32,
  "frames": [
    {
      "file_path": "./images/0009.jpg",
      "sharpness": 21.45669449801973,
      "transform_matrix": [
        [
          0.627917695546668,
          0.588176807200851,
          -0.5096738282143207,
          -3.6977389027518446
        ],
        [
          -0.7307195008147983,
          0.2201258338678664,
          -0.6462148469314454,
          -3.6015730907677916
        ],
        [
          -0.26789620899761935,
          0.7781983428443723,
          0.5680131692812478,
          2.1218862610922056
        ],
        [
          0.0,
          0.0,
          0.0,
          1.0
        ]
      ]
    },
    {
      "file_path": "./images/0012.jpg",
      "sharpness": 29.03012731293102,
      "transform_matrix": [
        [
          0.9261668092573558,
          0.29746570203946093,
          -0.2317955944716943,
          -2.3128427524511426
        ],
        [
          -0.3413700069477222,
          0.40011299600215205,
          -0.8505152019737083,
          -3.972044549397125
        ],
        [
          -0.1602546718861737,
          0.8668470145321184,
          0.4721172456216341,
          1.8923681302233923
        ],
        [
          0.0,
          0.0,
          0.0,
          1.0
        ]
      ]
    },
    {
      "file_path": "./images/0004.jpg",
      "sharpness": 41.179003164767046,
      "transform_matrix": [
        [
          0.6885322284868499,
          0.5153107374704422,
          -0.5102726861775655,
          -3.552473289753011
        ],
        [
          -0.6681076312390435,
          0.17706859970344305,
          -0.7226886633128402,
          -3.637929205567118
        ],
        [
          -0.2820559580448921,
          0.8385115115010496,
          0.4662004737122793,
          2.108374001306772
        ],
        [
          0.0,
          0.0,
          0.0,
          1.0
        ]
      ]
    },
    {
      "file_path": "./images/0011.jpg",
      "sharpness": 28.400647661656517,
      "transform_matrix": [
        [
          0.8387982972215716,
          0.41304808349004796,
          -0.3546952175877998,
          -2.700742585811987
        ],
        [
          -0.5043652431253605,
          0.3441932428884331,
          -0.7919259517648878,
          -3.8740790201172906
        ],
        [
          -0.20501979946395588,
          0.8431620795200341,
          0.4970358031019111,
          1.937080572217089
        ],
        [
          0.0,
          0.0,
          0.0,
          1.0
        ]
      ]
    },
    {
      "file_path": "./images/0008.jpg",
      "sharpness": 27.306769385195164,
      "transform_matrix": [
        [
          0.5507674694304219,
          0.651370102310474,
          -0.5218928860499233,
          -3.9736728433465767
        ],
        [
          -0.770945622023874,
          0.15740477011315707,
          -0.6171438942657779,
          -3.410579249258383
        ],
        [
          -0.3198406517958038,
          0.7422538165847916,
          0.5888643556050037,
          2.20972907377042
        ],
        [
          0.0,
          0.0,
          0.0,
          1.0
        ]
      ]
    },
    {
      "file_path": "./images/0002.jpg",
      "sharpness": 65.55172144579477,
      "transform_matrix": [
        [
          0.6930950658720435,
          0.49998461554896184,
          -0.5192635303527978,
          -3.29836693191233
        ],
        [
          -0.6741473183834186,
          0.19453275775860127,
          -0.7125183501334982,
          -3.584714252536963
        ],
        [
          -0.25523444680008095,
          0.8439030693424624,
          0.4718929823582653,
          2.0970531910844294
        ],
        [
          0.0,
          0.0,
          0.0,
          1.0
        ]
      ]
    },
    {
      "file_path": "./images/0005.jpg",
      "sharpness": 24.348248370818105,
      "transform_matrix": [
        [
          0.6286876509851451,
          0.5623150594961814,
          -0.5371718639679968,
          -3.8739729005368706
        ],
        [
          -0.7139717693969975,
          0.14359534370813484,
          -0.6852916822573771,
          -3.464212491372155
        ],
        [
          -0.30821445464397135,
          0.8143599641455637,
          0.4917536973153389,
          2.1952163066572834
        ],
        [
          0.0,
          0.0,
          0.0,
          1.0
        ]
      ]
    },
    {
      "file_path": "./images/0010.jpg",
      "sharpness": 29.49791077709132,
      "transform_matrix": [
        [
          0.7526697189448539,
          0.49376239149880935,
          -0.43553070500381275,
          -3.155255201030524
        ],
        [
          -0.6161842972116379,
          0.29521731709471655,
          -0.7301805581901515,
          -3.8823999992181735
        ],
        [
          -0.2319594923943088,
          0.8179519768888411,
          0.5264497672805655,
          2.0013605834309334
        ],
        [
          0.0,
          0.0,
          0.0,
          1.0
        ]
      ]
    },
    {
      "file_path": "./images/0007.jpg",
      "sharpness": 41.04288483688754,
      "transform_matrix": [
        [
          0.5341363989409477,
          0.6560756553615378,
          -0.5331632412728692,
          -4.063141809032724
        ],
        [
          -0.7735767308371808,
          0.12492220784551764,
          -0.6212676424021651,
          -3.2324828453113668
        ],
        [
          -0.34099464640203875,
          0.7442843384776465,
          0.5742503589027969,
          2.2941893874435726
        ],
        [
          0.0,
          0.0,
          0.0,
          1.0
        ]
      ]
    },
    {
      "file_path": "./images/0016.jpg",
      "sharpness": 14.900927319101509,
      "transform_matrix": [
        [
          0.7365177577650373,
          0.5273923930348794,
          -0.423555021622895,
          -3.0856804591719875
        ],
        [
          -0.5683922337334854,
          0.1430764975933612,
          -0.8102218118944705,
          -3.5191155526207893
        ],
        [
          -0.36670405123219657,
          0.8374881370381139,
          0.4051441215274809,
          2.3595117001137633
        ],
        [
          0.0,
          0.0,
          0.0,
          1.0
        ]
      ]
    },
    {
      "file_path": "./images/0013.jpg",
      "sharpness": 26.774869305422456,
      "transform_matrix": [
        [
          0.9493766808374136,
          0.26716932195962223,
          -0.16524064682165426,
          -2.1882630223285413
        ],
        [
          -0.2671371505923856,
          0.4098414224301564,
          -0.8721626862205762,
          -4.062704951411364
        ],
        [
          -0.16529265177936803,
          0.8721528317483126,
          0.4604647406904192,
          1.856901256323619
        ],
        [
          0.0,
          0.0,
          0.0,
          1.0
        ]
      ]
    },
    {
      "file_path": "./images/0006.jpg",
      "sharpness": 20.63033709015161,
      "transform_matrix": [
        [
          0.5657568966159635,
          0.6164181779802693,
          -0.547674870578545,
          -4.033188817225952
        ],
        [
          -0.7542317947701325,
          0.11842871758924442,
          -0.6458397932999136,
          -3.2842464806973464
        ],
        [
          -0.3332469560746141,
          0.7784621177554105,
          0.5319240524404928,
          2.2867386539740164
        ],
        [
          0.0,
          0.0,
          0.0,
          1.0
        ]
      ]
    },
    {
      "file_path": "./images/0001.jpg",
      "sharpness": 73.43383789066938,
      "transform_matrix": [
        [
          0.6767105061518932,
          0.509018759408952,
          -0.531942471992683,
          -3.3549809787835136
        ],
        [
          -0.6912791037020416,
          0.19063999791283967,
          -0.6969860773231971,
          -3.4924080148143144
        ],
        [
          -0.25336947665393,
          0.8393785164263539,
          0.4808821212521396,
          2.1019565804766898
        ],
        [
          0.0,
          0.0,
          0.0,
          1.0
        ]
      ]
    },
    {
      "file_path": "./images/0017.jpg",
      "sharpness": 23.44253995195554,
      "transform_matrix": [
        [
          0.6655104995858411,
          0.5335132981119125,
          -0.5219763747096415,
          -3.4006149282710942
        ],
        [
          -0.628515417352267,
          0.02338348424067894,
          -0.7774455497441314,
          -3.3644297664181253
        ],
        [
          -0.4025719130143911,
          0.8454683752096598,
          0.3508832875048655,
          2.746934559708711
        ],
        [
          0.0,
          0.0,
          0.0,
          1.0
        ]
      ]
    },
    {
      "file_path": "./images/0003.jpg",
      "sharpness": 48.53971996054086,
      "transform_matrix": [
        [
          0.7092415854865143,
          0.4961548807108202,
          -0.5008060581099967,
          -3.329364736587048
        ],
        [
          -0.6529973106253638,
          0.19466838008216641,
          -0.731914430868739,
          -3.6577692873012717
        ],
        [
          -0.2656518130705989,
          0.8461291604805223,
          0.4620547132913814,
          2.0802279681315095
        ],
        [
          0.0,
          0.0,
          0.0,
          1.0
        ]
      ]
    },
    {
      "file_path": "./images/0014.jpg",
      "sharpness": 29.315830910709042,
      "transform_matrix": [
        [
          0.90459034519854,
          0.3495279697438304,
          -0.24402152736307584,
          -2.449913339783355
        ],
        [
          -0.3698843306182969,
          0.35902978658050083,
          -0.8569032584327694,
          -3.9206689588777563
        ],
        [
          -0.21190065929666582,
          0.8654061536525988,
          0.45405979770048277,
          1.9224780353514825
        ],
        [
          0.0,
          0.0,
          0.0,
          1.0
        ]
      ]
    },
    {
      "file_path": "./images/0015.jpg",
      "sharpness": 36.10617811158525,
      "transform_matrix": [
        [
          0.8311284994672777,
          0.45723452325871483,
          -0.3164838197916503,
          -2.8704353494544437
        ],
        [
          -0.47176332446609764,
          0.27847161254371344,
          -0.8365960355498243,
          -3.709447301540998
        ],
        [
          -0.29438882983337994,
          0.8446242666514372,
          0.4471521722308924,
          2.103679495144803
        ],
        [
          0.0,
          0.0,
          0.0,
          1.0
        ]
      ]
    },
    {
      "file_path": "./images/0021.jpg",
      "sharpness": 15.569927000306313,
      "transform_matrix": [
        [
          0.5182152704831028,
          0.472355400233697,
          -0.7129749710785468,
          -3.2917332119294214
        ],
        [
          -0.7893476913252123,
          -0.056742972142764705,
          -0.6113186217625355,
          -3.7017231655737506
        ],
        [
          -0.3292159711753527,
          0.8795797923215415,
          0.3434475700024876,
          3.178222387318583
        ],
        [
          0.0,
          0.0,
          0.0,
          1.0
        ]
      ]
    },
    {
      "file_path": "./images/0024.jpg",
      "sharpness": 19.036037965573065,
      "transform_matrix": [
        [
          0.5877137548473772,
          0.5568654328210461,
          -0.5869356286412435,
          -2.840483145879053
        ],
        [
          -0.7766991251733883,
          0.18518076594074656,
          -0.6020353418879779,
          -2.849569786105223
        ],
        [
          -0.22656348196431617,
          0.8096968406305552,
          0.5413501777879568,
          2.134150773837355
        ],
        [
          0.0,
          0.0,
          0.0,
          1.0
        ]
      ]
    },
    {
      "file_path": "./images/0018.jpg",
      "sharpness": 27.494452744001233,
      "transform_matrix": [
        [
          0.6086031807398926,
          0.5052317806105552,
          -0.6118357756217265,
          -3.5024850765782656
        ],
        [
          -0.7037141416047235,
          -0.01256532103249333,
          -0.7103720994060514,
          -3.4017619840121
        ],
        [
          -0.36659047361882935,
          0.8628922068521018,
          0.34789145445638947,
          3.0072228104110246
        ],
        [
          0.0,
          0.0,
          0.0,
          1.0
        ]
      ]
    },
    {
      "file_path": "./images/0023.jpg",
      "sharpness": 12.988200886573315,
      "transform_matrix": [
        [
          0.5165821939702474,
          0.5377243478552497,
          -0.6663297702135172,
          -3.2346973297117483
        ],
        [
          -0.8228258825659892,
          0.09648857691059912,
          -0.5600424283096345,
          -3.2172485378394193
        ],
        [
          -0.23685523825299984,
          0.8375813275885461,
          0.4922977918547612,
          2.5667248500130375
        ],
        [
          0.0,
          0.0,
          0.0,
          1.0
        ]
      ]
    },
    {
      "file_path": "./images/0019.jpg",
      "sharpness": 28.968318373133496,
      "transform_matrix": [
        [
          0.5822297140130366,
          0.47465811795484114,
          -0.6600819882833735,
          -3.518964372932924
        ],
        [
          -0.7371050487953544,
          -0.03439604746092577,
          -0.6749022588205991,
          -3.51046049039548
        ],
        [
          -0.3430520473723541,
          0.879497915322421,
          0.3298464943198611,
          3.2669905560294485
        ],
        [
          0.0,
          0.0,
          0.0,
          1.0
        ]
      ]
    },
    {
      "file_path": "./images/0022.jpg",
      "sharpness": 20.67701030630637,
      "transform_matrix": [
        [
          0.49092878065555284,
          0.4984237629783201,
          -0.7145366924790149,
          -3.2595601362322286
        ],
        [
          -0.8261526223578898,
          0.0060229380835756345,
          -0.5634142071244808,
          -3.499804617150005
        ],
        [
          -0.27651541897318627,
          0.8669126119701075,
          0.41473093247936027,
          2.8854906103744913
        ],
        [
          0.0,
          0.0,
          0.0,
          1.0
        ]
      ]
    },
    {
      "file_path": "./images/0020.jpg",
      "sharpness": 43.26934009402949,
      "transform_matrix": [
        [
          0.5567959746041564,
          0.4651054512047597,
          -0.6882260980233829,
          -3.4480733648993453
        ],
        [
          -0.7570636746438957,
          -0.05679223926798839,
          -0.6508680619720806,
          -3.6188523818820895
        ],
        [
          -0.3418081848677102,
          0.8834316956598757,
          0.32049275177281084,
          3.3551914386907016
        ],
        [
          0.0,
          0.0,
          0.0,
          1.0
        ]
      ]
    },
    {
      "file_path": "./images/0028.jpg",
      "sharpness": 22.139706757592776,
      "transform_matrix": [
        [
          0.575006833809819,
          0.5424180652024574,
          -0.612494721357087,
          -2.145003302948096
        ],
        [
          -0.7530240474431402,
          0.05817461560835174,
          -0.6554162784619061,
          -1.8522845010612548
        ],
        [
          -0.3198779846884091,
          0.838092093219668,
          0.4419046483940938,
          0.5680703394712795
        ],
        [
          0.0,
          0.0,
          0.0,
          1.0
        ]
      ]
    },
    {
      "file_path": "./images/0029.jpg",
      "sharpness": 23.242995244279196,
      "transform_matrix": [
        [
          0.6164971436989426,
          0.44817370094036973,
          -0.6473574018057752,
          -2.611922755800724
        ],
        [
          -0.7144850883736193,
          -0.02701680297925196,
          -0.6991288513930782,
          -2.2905529401943183
        ],
        [
          -0.3308206921447727,
          0.8935381503998715,
          0.30355764445452627,
          0.3693489169429079
        ],
        [
          0.0,
          0.0,
          0.0,
          1.0
        ]
      ]
    },
    {
      "file_path": "./images/0027.jpg",
      "sharpness": 16.790762813657075,
      "transform_matrix": [
        [
          0.5834218667411597,
          0.5883304764120804,
          -0.5598983622134117,
          -1.8544239933040694
        ],
        [
          -0.7596757394532399,
          0.15148873421309333,
          -0.6324112066483094,
          -1.7343178262157544
        ],
        [
          -0.28724849231604493,
          0.7943037290639182,
          0.535322229816083,
          0.6869572729625442
        ],
        [
          0.0,
          0.0,
          0.0,
          1.0
        ]
      ]
    },
    {
      "file_path": "./images/0026.jpg",
      "sharpness": 16.70328221417034,
      "transform_matrix": [
        [
          0.7177124666644104,
          0.5195105045952522,
          -0.46367839165302965,
          -1.9755479320045723
        ],
        [
          -0.632826986372465,
          0.20877769673667962,
          -0.7456151008836625,
          -1.9789516681889248
        ],
        [
          -0.2905491706580238,
          0.8285654524732653,
          0.4786026227212488,
          1.1780663969951528
        ],
        [
          0.0,
          0.0,
          0.0,
          1.0
        ]
      ]
    },
    {
      "file_path": "./images/0030.jpg",
      "sharpness": 19.442299800867566,
      "transform_matrix": [
        [
          0.6008385135774383,
          0.3612831692612157,
          -0.7130691076514902,
          -3.001412215009803
        ],
        [
          -0.7213270599332542,
          -0.13939415300213231,
          -0.6784220977522395,
          -2.505092884512759
        ],
        [
          -0.3445001498658372,
          0.9219781677430221,
          0.176849950595374,
          0.1369568069080843
        ],
        [
          0.0,
          0.0,
          0.0,
          1.0
        ]
      ]
    },
    {
      "file_path": "./images/0025.jpg",
      "sharpness": 24.684231717917367,
      "transform_matrix": [
        [
          0.6811321702023339,
          0.5290820126402791,
          -0.5060940532077383,
          -2.416525814467066
        ],
        [
          -0.7013602799045394,
          0.27312161675523206,
          -0.6584059084143438,
          -2.484420137133857
        ],
        [
          -0.21012549711580633,
          0.8034157120881037,
          0.5571090280275048,
          1.7276058727634573
        ],
        [
          0.0,
          0.0,
          0.0,
          1.0
        ]
      ]
    },
    {
      "file_path": "./images/0032.jpg",
      "sharpness": 34.41050968360268,
      "transform_matrix": [
        [
          0.6297646880360803,
          0.17769775007392738,
          -0.7561877725788405,
          -3.358058168187296
        ],
        [
          -0.6887471447774013,
          -0.322417575765439,
          -0.6493645181253728,
          -2.5342457760303705
        ],
        [
          -0.3591988423070558,
          0.9297690124581852,
          -0.08065838602248497,
          -0.43595531180974295
        ],
        [
          0.0,
          0.0,
          0.0,
          1.0
        ]
      ]
    },
    {
      "file_path": "./images/0031.jpg",
      "sharpness": 18.50020205901764,
      "transform_matrix": [
        [
          0.5919417343764246,
          0.2579958815700153,
          -0.7635725952865304,
          -3.2099457786752894
        ],
        [
          -0.720674391475331,
          -0.2547651621057734,
          -0.644765952614252,
          -2.5569261146360764
        ],
        [
          -0.36087865636874367,
          0.9319510917127078,
          0.03512489303802997,
          -0.25639780150095093
        ],
        [
          0.0,
          0.0,
          0.0,
          1.0
        ]
      ]
    },
    {
      "file_path": "./images/0033.jpg",
      "sharpness": 30.73307085332301,
      "transform_matrix": [
        [
          0.6807913357381531,
          0.11214687539344144,
          -0.7238413055356926,
          -3.4121884023545275
        ],
        [
          -0.6560678316083095,
          -0.34608920033989216,
          -0.6706692670299934,
          -2.5922152295593683
        ],
        [
          -0.3257271213256547,
          0.931474821891207,
          -0.16203857162292207,
          -0.5370403952290642
        ],
        [
          0.0,
          0.0,
          0.0,
          1.0
        ]
      ]
    },
    {
      "file_path": "./images/0035.jpg",
      "sharpness": 72.03006450795527,
      "transform_matrix": [
        [
          0.7112093216238217,
          0.031163205328155634,
          -0.7022892249958879,
          -3.382198984692605
        ],
        [
          -0.6522579727216546,
          -0.34334192224745497,
          -0.6757779675678565,
          -2.744186302392418
        ],
        [
          -0.26218474004332454,
          0.9386933360423407,
          -0.22386152647577984,
          -0.6063241413408191
        ],
        [
          0.0,
          0.0,
          0.0,
          1.0
        ]
      ]
    },
    {
      "file_path": "./images/0037.jpg",
      "sharpness": 20.367580946105196,
      "transform_matrix": [
        [
          0.6997520437330361,
          0.08175478034879242,
          -0.709692351133804,
          -3.296395257113353
        ],
        [
          -0.6666838525569834,
          -0.2821949206857666,
          -0.6898540914429777,
          -2.7669636197234615
        ],
        [
          -0.2566704464581354,
          0.9558672411489283,
          -0.1429618805530644,
          -0.49178839241649425
        ],
        [
          0.0,
          0.0,
          0.0,
          1.0
        ]
      ]
    },
    {
      "file_path": "./images/0034.jpg",
      "sharpness": 60.710682385649946,
      "transform_matrix": [
        [
          0.7065536818142456,
          0.0598493196919119,
          -0.7051240697376709,
          -3.385591054586236
        ],
        [
          -0.6468348988164836,
          -0.3495325339177331,
          -0.6778138545410544,
          -2.687565636193323
        ],
        [
          -0.2870305008938273,
          0.9350107308125208,
          -0.20825087010628374,
          -0.5800842948753372
        ],
        [
          0.0,
          0.0,
          0.0,
          1.0
        ]
      ]
    },
    {
      "file_path": "./images/0043.jpg",
      "sharpness": 7.098368759733437,
      "transform_matrix": [
        [
          0.6726897085064951,
          0.26429499510779775,
          -0.6911126620940193,
          -3.154796621202648
        ],
        [
          -0.6581883383455813,
          -0.21299283998237103,
          -0.7220956732897728,
          -2.7851571717912296
        ],
        [
          -0.33804832108666455,
          0.9406286226523527,
          0.03067779222134333,
          0.1363674050040126
        ],
        [
          0.0,
          0.0,
          0.0,
          1.0
        ]
      ]
    },
    {
      "file_path": "./images/0039.jpg",
      "sharpness": 40.21973634931195,
      "transform_matrix": [
        [
          0.7057336261884117,
          0.14377751045846404,
          -0.6937348747393256,
          -3.213019082098471
        ],
        [
          -0.6538590080019783,
          -0.2448304593128704,
          -0.7159095221108609,
          -3.0373110786381354
        ],
        [
          -0.2727791168263941,
          0.9588462200755433,
          -0.07877486749088082,
          -0.1107539513697894
        ],
        [
          0.0,
          0.0,
          0.0,
          1.0
        ]
      ]
    },
    {
      "file_path": "./images/0042.jpg",
      "sharpness": 14.566819533934524,
      "transform_matrix": [
        [
          0.6834006402345731,
          0.026769365695914878,
          -0.7295525793686705,
          -3.4381349736582525
        ],
        [
          -0.6758947194792351,
          -0.35449066979184324,
          -0.6461444832328908,
          -2.842185470105873
        ],
        [
          -0.2759164604728262,
          0.9346762895031355,
          -0.22416587777525063,
          -0.5642281181940502
        ],
        [
          0.0,
          0.0,
          0.0,
          1.0
        ]
      ]
    },
    {
      "file_path": "./images/0036.jpg",
      "sharpness": 73.30666589461431,
      "transform_matrix": [
        [
          0.7051393218873947,
          0.03525630278370341,
          -0.708191732455608,
          -3.3669707302622296
        ],
        [
          -0.6628103441951949,
          -0.3220622699942369,
          -0.6759869391309936,
          -2.760759678455347
        ],
        [
          -0.2519146371496359,
          0.9460617778086576,
          -0.20373052848613454,
          -0.6239761632812082
        ],
        [
          0.0,
          0.0,
          0.0,
          1.0
        ]
      ]
    },
    {
      "file_path": "./images/0041.jpg",
      "sharpness": 17.054580371494687,
      "transform_matrix": [
        [
          0.684943422062379,
          0.026583456265467965,
          -0.7281111374664765,
          -3.459523135855835
        ],
        [
          -0.6757220108068981,
          -0.35057066029025974,
          -0.6484596951672609,
          -2.8394231670956267
        ],
        [
          -0.2724927021727125,
          0.9361589245771365,
          -0.22215804121197893,
          -0.5770397874205871
        ],
        [
          0.0,
          0.0,
          0.0,
          1.0
        ]
      ]
    },
    {
      "file_path": "./images/0038.jpg",
      "sharpness": 37.77774141734534,
      "transform_matrix": [
        [
          0.7091835650075043,
          0.13314770083837404,
          -0.6923368840102112,
          -3.271639339256827
        ],
        [
          -0.6534227301136944,
          -0.2446438040919217,
          -0.7163715131772641,
          -2.810417416011943
        ],
        [
          -0.2647591489430652,
          0.960427560493233,
          -0.08649563095273485,
          -0.28972094044016333
        ],
        [
          0.0,
          0.0,
          0.0,
          1.0
        ]
      ]
    },
    {
      "file_path": "./images/0040.jpg",
      "sharpness": 57.022327834994876,
      "transform_matrix": [
        [
          0.6919332929547077,
          0.10948219826412216,
          -0.7136119158480866,
          -3.3396913285082905
        ],
        [
          -0.667667736145263,
          -0.2790233679913299,
          -0.6901925486609646,
          -3.084351727527809
        ],
        [
          -0.2746781976515981,
          0.9540228553083595,
          -0.11996782636234071,
          -0.4239130559870166
        ],
        [
          0.0,
          0.0,
          0.0,
          1.0
        ]
      ]
    },
    {
      "file_path": "./images/0044.jpg",
      "sharpness": 18.187841643653346,
      "transform_matrix": [
        [
          0.6665905885500502,
          0.5091036687754175,
          -0.544490993288387,
          -2.826097259980029
        ],
        [
          -0.6331615488087112,
          0.0012046656385473842,
          -0.7740187348459572,
          -2.431594269434389
        ],
        [
          -0.3933998480208712,
          0.8607043646326008,
          0.3231478862030461,
          0.8609181811069309
        ],
        [
          0.0,
          0.0,
          0.0,
          1.0
        ]
      ]
    },
    {
      "file_path": "./images/0046.jpg",
      "sharpness": 14.17878953563549,
      "transform_matrix": [
        [
          0.6722945933210267,
          0.563920668505125,
          -0.4795971846250917,
          -1.9547178459303916
        ],
        [
          -0.6421602439029861,
          0.12192477903643943,
          -0.7568121097135379,
          -1.7560821433479674
        ],
        [
          -0.3683072100805197,
          0.816778934574326,
          0.44409680376724536,
          0.9933925593516328
        ],
        [
          0.0,
          0.0,
          0.0,
          1.0
        ]
      ]
    },
    {
      "file_path": "./images/0047.jpg",
      "sharpness": 16.335269579190413,
      "transform_matrix": [
        [
          0.6541798784440771,
          0.5923853346980672,
          -0.47024281169393556,
          -1.486654974298677
        ],
        [
          -0.6664633026823338,
          0.15753027763628827,
          -0.728704931921881,
          -1.5816681173350537
        ],
        [
          -0.35759663431006145,
          0.790103681130423,
          0.4978562244988226,
          0.9878037665324061
        ],
        [
          0.0,
          0.0,
          0.0,
          1.0
        ]
      ]
    },
    {
      "file_path": "./images/0048.jpg",
      "sharpness": 15.373285582658607,
      "transform_matrix": [
        [
          0.6109969127795003,
          0.6113545232290609,
          -0.502919893797764,
          -1.1083809906589004
        ],
        [
          -0.7040018075664383,
          0.12909047149533634,
          -0.6983674570840076,
          -1.3363263787309034
        ],
        [
          -0.3620279375495472,
          0.7807568745587459,
          0.5092685689700773,
          1.0806925852141118
        ],
        [
          0.0,
          0.0,
          0.0,
          1.0
        ]
      ]
    },
    {
      "file_path": "./images/0052.jpg",
      "sharpness": 7.5162282909919504,
      "transform_matrix": [
        [
          0.9700522539966415,
          0.24215095830405559,
          -0.01901415222220658,
          -0.29798597581997033
        ],
        [
          -0.14455954173657729,
          0.5126464026524711,
          -0.8463428411359516,
          -0.8537410681187352
        ],
        [
          -0.19519519329864712,
          0.8237454578296032,
          0.5322990299598068,
          1.1146634944635296
        ],
        [
          0.0,
          0.0,
          0.0,
          1.0
        ]
      ]
    },
    {
      "file_path": "./images/0050.jpg",
      "sharpness": 15.100265190413113,
      "transform_matrix": [
        [
          0.7817685296242909,
          0.5195869095461266,
          -0.3447715324583028,
          -0.648043526361396
        ],
        [
          -0.5294708640229583,
          0.2610460158200758,
          -0.8071651514881761,
          -1.0695656463861878
        ],
        [
          -0.32939121163865065,
          0.8135627948240962,
          0.47918368988434623,
          1.104292863488863
        ],
        [
          0.0,
          0.0,
          0.0,
          1.0
        ]
      ]
    },
    {
      "file_path": "./images/0045.jpg",
      "sharpness": 30.40066068665304,
      "transform_matrix": [
        [
          0.6695867764027894,
          0.5669390999582583,
          -0.4798266414876394,
          -2.370200438711242
        ],
        [
          -0.6366839039253878,
          0.10545205183702344,
          -0.7638805346697695,
          -2.0790197210032084
        ],
        [
          -0.38247503893037305,
          0.8169822040761278,
          0.43157029890398185,
          1.1162699441242383
        ],
        [
          0.0,
          0.0,
          0.0,
          1.0
        ]
      ]
    },
    {
      "file_path": "./images/0058.jpg",
      "sharpness": 5.405012435423299,
      "transform_matrix": [
        [
          0.7696911419300115,
          -0.24274260246468102,
          0.5904672514707443,
          0.8428659287791063
        ],
        [
          0.6329759135477537,
          0.4106517952300707,
          -0.6562824056337258,
          -0.4741119627981157
        ],
        [
          -0.08316873774571494,
          0.8788863021405231,
          0.4697252697582832,
          1.0348850770620253
        ],
        [
          0.0,
          0.0,
          0.0,
          1.0
        ]
      ]
    },
    {
      "file_path": "./images/0053.jpg",
      "sharpness": 18.281484364938173,
      "transform_matrix": [
        [
          0.988995216144573,
          0.05852792852870008,
          0.13587841661410188,
          -0.08322082709421381
        ],
        [
          0.07638485986674513,
          0.5845473448713228,
          -0.8077559995374273,
          -0.8358836018969404
        ],
        [
          -0.1267036530666478,
          0.8092458731665769,
          0.5736438800687945,
          1.1202408379664257
        ],
        [
          0.0,
          0.0,
          0.0,
          1.0
        ]
      ]
    },
    {
      "file_path": "./images/0055.jpg",
      "sharpness": 21.171224425934398,
      "transform_matrix": [
        [
          0.9666274697656374,
          -0.10110371658362391,
          0.23539195666744167,
          0.14734365329048502
        ],
        [
          0.24953744271390885,
          0.5795507162137131,
          -0.7757912296627606,
          -0.7489538897068289
        ],
        [
          -0.057986200465678275,
          0.8086402202975035,
          0.585438805299674,
          1.1295400758152565
        ],
        [
          0.0,
          0.0,
          0.0,
          1.0
        ]
      ]
    },
    {
      "file_path": "./images/0060.jpg",
      "sharpness": 13.527021998655258,
      "transform_matrix": [
        [
          0.7566351986016824,
          -0.14821935609632966,
          0.6368156709689617,
          1.0064023594016205
        ],
        [
          0.649187280190899,
          0.2862545224058174,
          -0.7047086090308845,
          -0.9004947333831415
        ],
        [
          -0.07783990948766255,
          0.9466199717696814,
          0.31281236806697804,
          0.9110664839031187
        ],
        [
          0.0,
          0.0,
          0.0,
          1.0
        ]
      ]
    },
    {
      "file_path": "./images/0049.jpg",
      "sharpness": 26.241730308352476,
      "transform_matrix": [
        [
          0.5940478317092976,
          0.6635920241530142,
          -0.4547007798522604,
          -0.8657478083354955
        ],
        [
          -0.723452422121227,
          0.19355469398762867,
          -0.6626863310526094,
          -1.174488925914325
        ],
        [
          -0.3517438935014953,
          0.7226217585897213,
          0.5950580034543336,
          1.1688529295977008
        ],
        [
          0.0,
          0.0,
          0.0,
          1.0
        ]
      ]
    },
    {
      "file_path": "./images/0059.jpg",
      "sharpness": 19.19705414076417,
      "transform_matrix": [
        [
          0.7478175442269428,
          -0.21815608887278326,
          0.6270381499640844,
          1.0062511600925115
        ],
        [
          0.6601647212050076,
          0.34444909659145484,
          -0.6674858505881073,
          -0.537644214364093
        ],
        [
          -0.07036662174128148,
          0.9131060950489738,
          0.40160403111408666,
          0.9207555009879413
        ],
        [
          0.0,
          0.0,
          0.0,
          1.0
        ]
      ]
    },
    {
      "file_path": "./images/0051.jpg",
      "sharpness": 32.39583572380695,
      "transform_matrix": [
        [
          0.8690473027426547,
          0.4351885781026166,
          -0.2353033938578162,
          -0.490442077504762
        ],
        [
          -0.4236651489681168,
          0.40904732220389084,
          -0.8082005504510216,
          -1.0009327567864237
        ],
        [
          -0.2554694252095048,
          0.8020543558560639,
          0.5398557058264646,
          1.072786969450768
        ],
        [
          0.0,
          0.0,
          0.0,
          1.0
        ]
      ]
    },
    {
      "file_path": "./images/0062.jpg",
      "sharpness": 15.3956720587883,
      "transform_matrix": [
        [
          0.8305659472507598,
          0.18324886026031884,
          0.5259087968051195,
          0.8861740577683612
        ],
        [
          0.49015949126267777,
          0.20777785218093175,
          -0.8465057810020411,
          -1.5362438146949782
        ],
        [
          -0.2643934198156211,
          0.9608580641437688,
          0.08275204049472062,
          0.606823307472708
        ],
        [
          0.0,
          0.0,
          0.0,
          1.0
        ]
      ]
    },
    {
      "file_path": "./images/0057.jpg",
      "sharpness": 20.400030378310568,
      "transform_matrix": [
        [
          0.8584538017827226,
          -0.18240992017679603,
          0.47935758187615257,
          0.48349054746431996
        ],
        [
          0.5027275447707599,
          0.48439665294259476,
          -0.7159782806401732,
          -0.6100782237060566
        ],
        [
          -0.1015976672035703,
          0.8556205372132603,
          0.5075346396017072,
          1.1672040818168672
        ],
        [
          0.0,
          0.0,
          0.0,
          1.0
        ]
      ]
    },
    {
      "file_path": "./images/0056.jpg",
      "sharpness": 20.39921582896031,
      "transform_matrix": [
        [
          0.9368086526704767,
          -0.12636761980948108,
          0.32622196894396804,
          0.27073781036767575
        ],
        [
          0.3400124811487628,
          0.5483713158006526,
          -0.7639897988008783,
          -0.6922877570599124
        ],
        [
          -0.0823471979196921,
          0.8266317951345126,
          0.5566855614666314,
          1.1812285685716513
        ],
        [
          0.0,
          0.0,
          0.0,
          1.0
        ]
      ]
    },
    {
      "file_path": "./images/0068.jpg",
      "sharpness": 17.292864634236885,
      "transform_matrix": [
        [
          0.7649077633637338,
          0.10871415926531176,
          0.6348994764507159,
          1.1778398212836216
        ],
        [
          0.6384141905814779,
          -0.2590768054839215,
          -0.7247803323256821,
          -1.3584809168757885
        ],
        [
          0.08569384368144578,
          0.9597189382881492,
          -0.26757452181423746,
          -1.0436123372334645
        ],
        [
          0.0,
          0.0,
          0.0,
          1.0
        ]
      ]
    },
    {
      "file_path": "./images/0054.jpg",
      "sharpness": 43.29414640901456,
      "transform_matrix": [
        [
          0.9835810233250809,
          -0.05772126385770643,
          0.17098721101217523,
          0.056304295980596185
        ],
        [
          0.17047285339064183,
          0.6080974124358187,
          -0.7753428552888058,
          -0.7711629998686947
        ],
        [
          -0.05922311104580828,
          0.791761196787307,
          0.6079529837560939,
          1.086240281151278
        ],
        [
          0.0,
          0.0,
          0.0,
          1.0
        ]
      ]
    },
    {
      "file_path": "./images/0063.jpg",
      "sharpness": 42.292016273427336,
      "transform_matrix": [
        [
          0.8616985621860955,
          0.27461190654486217,
          0.4266894523965619,
          0.6891892586401375
        ],
        [
