{
  "camera_angle_x": 0.6510271515030427,
  "camera_angle_y": 1.0861942659983586,
  "fl_x": 1599.9064274673012,
  "fl_y": 1590.332240050007,
  "k1": -0.0006654523163170014,
  "k2": 1.004396673389178e-07,
  "k3": 0,
  "k4": 0,
  "p1": 0.00021368505957575646,
  "p2": -4.425174252810972e-07,
  "is_fisheye": false,
  "cx": 542.417378523338,
  "cy": 974.1686376155986,
  "w": 1080.0,
  "h": 1920.0,
  "aabb_scale": 32,
  "frames": [
    {
      "file_path": "./images/0011.jpg",
      "sharpness": 18.14146313989979,
      "transform_matrix": [
        [
          0.723070962871603,
          0.44789116562499753,
          -0.5258915158907829,
          -2.89840295253721
        ],
        [
          -0.642688887337094,
          0.15712301924161404,
          -0.7498422173483056,
          -2.7031227786652394
        ],
        [
          -0.2532180419926565,
          0.8801737673076825,
          0.4014657676959711,
          2.2411024817277685
        ],
        [
          0.0,
          0.0,
          0.0,
          1.0
        ]
      ]
    },
    {
      "file_path": "./images/0010.jpg",
      "sharpness": 14.782542402534268,
      "transform_matrix": [
        [
          0.8426768183840216,
          0.3880205844797867,
          -0.37327711670692915,
          -2.5199183068889215
        ],
        [
          -0.5144788064194953,
          0.3758511623701483,
          -0.7707447447048833,
          -2.974735103604827
        ],
        [
          -0.15876818812463636,
          0.841531894721208,
          0.5163494288613689,
          1.903975821846058
        ],
        [
          0.0,
          0.0,
          0.0,
          1.0
        ]
      ]
    },
    {
      "file_path": "./images/0009.jpg",
      "sharpness": 18.016115439404906,
      "transform_matrix": [
        [
          0.9411835398050501,
          0.22521232297510668,
          -0.25189869800990144,
          -2.0047433998650193
        ],
        [
          -0.3333721574595297,
          0.49733724459666995,
          -0.8009486061962948,
          -3.2689831193719487
        ],
        [
          -0.0551048917994086,
          0.8378156567985573,
          0.5431651463430678,
          1.7928453740224943
        ],
        [
          0.0,
          0.0,
          0.0,
          1.0
        ]
      ]
    },
    {
      "file_path": "./images/0012.jpg",
      "sharpness": 23.543092583079343,
      "transform_matrix": [
        [
          0.6322525410472274,
          0.4097034910259984,
          -0.6575711169594706,
          -3.07160239377064
        ],
        [
          -0.7459572486034839,
          0.09263255799599418,
          -0.6595202744837009,
          -2.670049708149957
        ],
        [
          -0.2092952642301581,
          0.9075033105826908,
          0.3641884590856676,
          2.6235976219667294
        ],
        [
          0.0,
          0.0,
          0.0,
          1.0
        ]
      ]
    },
    {
      "file_path": "./images/0002.jpg",
      "sharpness": 19.512867868258056,
      "transform_matrix": [
        [
          0.7269888238595553,
          0.41520876272817253,
          -0.5468902389108183,
          -2.8383532235353073
        ],
        [
          -0.6777220743873246,
          0.3058731386892314,
          -0.6686810995658213,
          -2.9636655039371083
        ],
        [
          -0.11036321811628315,
          0.8567632732872903,
          0.5037624973258468,
          1.8289022686263334
        ],
        [
          0.0,
          0.0,
          0.0,
          1.0
        ]
      ]
    },
    {
      "file_path": "./images/0004.jpg",
      "sharpness": 21.51653306064242,
      "transform_matrix": [
        [
          0.5995096395069792,
          0.5353595497740654,
          -0.5949607925593197,
          -3.4310142983832024
        ],
        [
          -0.7801605579350308,
          0.22490091993854805,
          -0.5837542976743831,
          -2.6804073023738915
        ],
        [
          -0.1787112084076749,
          0.8141312724319663,
          0.552496674484729,
          1.8937187171733667
        ],
        [
          0.0,
          0.0,
          0.0,
          1.0
        ]
      ]
    },
    {
      "file_path": "./images/0006.jpg",
      "sharpness": 21.953146918369278,
      "transform_matrix": [
        [
          0.639628109981971,
          0.5230530739518512,
          -0.563286217503413,
          -3.1857978476234123
        ],
        [
          -0.7598529822467929,
          0.3194743431595132,
          -0.5661798207579183,
          -2.9214445650618095
        ],
        [
          -0.11618660130922778,
          0.7901592408898029,
          0.6017882084185179,
          1.8291437344626653
        ],
        [
          0.0,
          0.0,
          0.0,
          1.0
        ]
      ]
    },
    {
      "file_path": "./images/0005.jpg",
      "sharpness": 32.88772280043385,
      "transform_matrix": [
        [
          0.5606604523387801,
          0.5917816052366717,
          -0.5791842444038632,
          -3.452494637205123
        ],
        [
          -0.8070503484359202,
          0.2340189117086929,
          -0.5421299512590637,
          -2.652913538115517
        ],
        [
          -0.18528246624875377,
          0.7713816699540407,
          0.6088026995986492,
          1.8848937787766162
        ],
        [
          0.0,
          0.0,
          0.0,
          1.0
        ]
      ]
    },
    {
      "file_path": "./images/0007.jpg",
      "sharpness": 47.937678345964756,
      "transform_matrix": [
        [
          0.8113045835825083,
          0.3782818978731787,
          -0.4457439606751512,
          -2.5071515196208005
        ],
        [
          -0.5804343294327995,
          0.4300812875496466,
          -0.6914666118588454,
          -3.188445856721225
        ],
        [
          -0.0698631657252526,
          0.8197151285085501,
          0.5684947196306801,
          1.7831308640647061
        ],
        [
          0.0,
          0.0,
          0.0,
          1.0
        ]
      ]
    },
    {
      "file_path": "./images/0008.jpg",
      "sharpness": 29.03012731293102,
      "transform_matrix": [
        [
          0.9366861089163591,
          0.21416085220723421,
          -0.2770455970122847,
          -2.0065494730069418
        ],
        [
          -0.3492485852015842,
          0.5139989657749986,
          -0.7834733492065571,
          -3.242013706081058
        ],
        [
          -0.025388169810900956,
          0.8306263857008269,
          0.5562510658777585,
          1.7945823356983024
        ],
        [
          0.0,
          0.0,
          0.0,
          1.0
        ]
      ]
    },
    {
      "file_path": "./images/0014.jpg",
      "sharpness": 6.964788650574557,
      "transform_matrix": [
        [
          0.5314222145141916,
          0.3809730236451767,
          -0.756604246124997,
          -2.870700111631269
        ],
        [
          -0.830729926829096,
          0.05960030145925856,
          -0.5534759188406536,
          -2.8970233279289794
        ],
        [
          -0.1657655531611115,
          0.9226631884925801,
          0.3481586162438103,
          2.661630998188121
        ],
        [
          0.0,
          0.0,
          0.0,
          1.0
        ]
      ]
    },
    {
      "file_path": "./images/0003.jpg",
      "sharpness": 35.40929578792026,
      "transform_matrix": [
        [
          0.6933195595819899,
          0.4491839846644874,
          -0.5635084172404717,
          -3.1420634454764884
        ],
        [
          -0.7075047798074556,
          0.27572385652969567,
          -0.650702191090527,
          -2.9115027609092023
        ],
        [
          -0.1369122890354678,
          0.8498294552052872,
          0.5089645589384999,
          1.8310892343439318
        ],
        [
          0.0,
          0.0,
          0.0,
          1.0
        ]
      ]
    },
    {
      "file_path": "./images/0015.jpg",
      "sharpness": 10.994286743571289,
      "transform_matrix": [
        [
          0.5201230545859471,
          0.4433968989114487,
          -0.7299802724750761,
          -2.830989043308859
        ],
        [
          -0.8496744670663705,
          0.18181371247194805,
          -0.4949717910877989,
          -2.617854607714158
        ],
        [
          -0.0867485338469978,
          0.8776918388986874,
          0.4713085272779874,
          2.2503832234156445
        ],
        [
          0.0,
          0.0,
          0.0,
          1.0
        ]
      ]
    },
    {
      "file_path": "./images/0013.jpg",
      "sharpness": 42.998930833956024,
      "transform_matrix": [
        [
          0.5917857280645697,
          0.372423254606008,
          -0.7149059879219417,
          -3.0557031522477303
        ],
        [
          -0.7834142208043379,
          0.0568167667856724,
          -0.6188974177144146,
          -2.784340696927928
        ],
        [
          -0.18987314378301468,
          0.9263221764156306,
          0.3253850255151156,
          2.888122743997632
        ],
        [
          0.0,
          0.0,
          0.0,
          1.0
        ]
      ]
    },
    {
      "file_path": "./images/0017.jpg",
      "sharpness": 21.203696462621277,
      "transform_matrix": [
        [
          0.7552551772966001,
          0.42965359192470537,
          -0.4949620270200245,
          -1.6969644850197296
        ],
        [
          -0.6404917473179268,
          0.32349324625008224,
          -0.696507316004813,
          -1.7017110876232473
        ],
        [
          -0.13913999723207507,
          0.843059849979673,
          0.519509528884137,
          1.0845700912162788
        ],
        [
          0.0,
          0.0,
          0.0,
          1.0
        ]
      ]
    },
    {
      "file_path": "./images/0001.jpg",
      "sharpness": 71.26127353381669,
      "transform_matrix": [
        [
          0.698851164000681,
          0.42679988487472376,
          -0.5739764010172435,
          -2.862345226319883
        ],
        [
          -0.7083465204690963,
          0.3016107217087322,
          -0.6381819329075978,
          -2.8629881582526786
        ],
        [
          -0.09925853893949997,
          0.8525683731486187,
          0.5131032173288548,
          1.8319331832292738
        ],
        [
          0.0,
          0.0,
          0.0,
          1.0
        ]
      ]
    },
    {
      "file_path": "./images/0020.jpg",
      "sharpness": 21.60256992051843,
      "transform_matrix": [
        [
          0.6152064871346974,
          0.2164480163147856,
          -0.7580707318579656,
          -2.4892519728023372
        ],
        [
          -0.7622097182275865,
          -0.08233141711109605,
          -0.6420731135905924,
          -2.268766186136697
        ],
        [
          -0.2013884893900537,
          0.9728164236217465,
          0.11432795962447387,
          -0.04242580562185396
        ],
        [
          0.0,
          0.0,
          0.0,
          1.0
        ]
      ]
    },
    {
      "file_path": "./images/0019.jpg",
      "sharpness": 24.49060223249107,
      "transform_matrix": [
        [
          0.639745898212988,
          0.36534248654041246,
          -0.6762026717834061,
          -2.082485220320552
        ],
        [
          -0.7479994399658071,
          0.09368794727271401,
          -0.6570535795098291,
          -1.9906072407565365
        ],
        [
          -0.17669754826868778,
          0.9261465521949455,
          0.33321245530765814,
          0.32955588023523663
        ],
        [
          0.0,
          0.0,
          0.0,
          1.0
        ]
      ]
    },
    {
      "file_path": "./images/0016.jpg",
      "sharpness": 34.500555555480226,
      "transform_matrix": [
        [
          0.634786714850872,
          0.473649015895546,
          -0.6104936006780987,
          -2.300823442209399
        ],
        [
          -0.7698820366061978,
          0.32043937387066534,
          -0.5519060222397331,
          -2.2249526904858166
        ],
        [
          -0.06578355714733707,
          0.8203506673890785,
          0.5680645264424149,
          1.7238406576432876
        ],
        [
          0.0,
          0.0,
          0.0,
          1.0
        ]
      ]
    },
    {
      "file_path": "./images/0018.jpg",
      "sharpness": 21.05632464010164,
      "transform_matrix": [
        [
          0.5882844197131569,
          0.519454912450581,
          -0.619748364687318,
          -1.565279788271481
        ],
        [
          -0.7942348174725404,
          0.227074598045772,
          -0.563585114811177,
          -1.5250022150874436
        ],
        [
          -0.1520279456717934,
          0.8237740715320039,
          0.5461536257183575,
          0.5182231618016953
        ],
        [
          0.0,
          0.0,
          0.0,
          1.0
        ]
      ]
    },
    {
      "file_path": "./images/0024.jpg",
      "sharpness": 12.745428715542115,
      "transform_matrix": [
        [
          0.7171295717923936,
          -0.03599389420080344,
          -0.6960097822013791,
          -2.620756309373862
        ],
        [
          -0.6896287212518163,
          -0.1809220887758979,
          -0.7011985629032387,
          -2.498003999351904
        ],
        [
          -0.10068467671743699,
          0.9828385612345337,
          -0.15456700328221804,
          -0.4441114189512442
        ],
        [
          0.0,
          0.0,
          0.0,
          1.0
        ]
      ]
    },
    {
      "file_path": "./images/0021.jpg",
      "sharpness": 34.41050968360268,
      "transform_matrix": [
        [
          0.6572357009060805,
          0.08202803503991794,
          -0.7492080051633694,
          -2.6645514967538575
        ],
        [
          -0.7240311224143787,
          -0.207379181302663,
          -0.6578547019955311,
          -2.3028890352089446
        ],
        [
          -0.209332671282645,
          0.9748155090606652,
          -0.07690615129738686,
          -0.3756769053680485
        ],
        [
          0.0,
          0.0,
          0.0,
          1.0
        ]
      ]
    },
    {
      "file_path": "./images/0022.jpg",
      "sharpness": 43.13849247505084,
      "transform_matrix": [
        [
          0.7207805373941787,
          -0.01687810762693008,
          -0.6929578244565714,
          -2.6798414249718516
        ],
        [
          -0.6763589593521171,
          -0.23591709634401287,
          -0.6977690748068065,
          -2.4057526418522044
        ],
        [
          -0.15170357629132628,
          0.9716266017406429,
          -0.18146011079369517,
          -0.47036553658098884
        ],
        [
          0.0,
          0.0,
          0.0,
          1.0
        ]
      ]
    },
    {
      "file_path": "./images/0023.jpg",
      "sharpness": 68.94698727585816,
      "transform_matrix": [
        [
          0.7292984456786215,
          -0.06957763196402965,
          -0.6806487569517163,
          -2.671964370380534
        ],
        [
          -0.6756761157933494,
          -0.2297431303689591,
          -0.7004854606590347,
          -2.4945219653543473
        ],
        [
          -0.10763625652594,
          0.9707610659958146,
          -0.2145632519949777,
          -0.4962301604097855
        ],
        [
          0.0,
          0.0,
          0.0,
          1.0
        ]
      ]
    },
    {
      "file_path": "./images/0026.jpg",
      "sharpness": 13.125134968460626,
      "transform_matrix": [
        [
          0.7131945801135159,
          0.02185910106443605,
          -0.7006251998581355,
          -2.6274572863463406
        ],
        [
          -0.6903609391536238,
          -0.15130295519481377,
          -0.7074667408721481,
          -2.756866617923001
        ],
        [
          -0.12147125021094456,
          0.9882457161693469,
          -0.09281777806020132,
          -0.21048749161633518
        ],
        [
          0.0,
          0.0,
          0.0,
          1.0
        ]
      ]
    },
    {
      "file_path": "./images/0028.jpg",
      "sharpness": 10.295929670642535,
      "transform_matrix": [
        [
          0.6965022555307266,
          0.11707289715841679,
          -0.7079396477599181,
          -2.588573679864285
        ],
        [
          -0.6957140856671262,
          -0.13138361307793706,
          -0.7062012866166117,
          -2.4952248145537315
        ],
        [
          -0.17568869936502846,
          0.9843943737359702,
          -0.010059719245589875,
          0.04958754382479682
        ],
        [
          0.0,
          0.0,
          0.0,
          1.0
        ]
      ]
    },
    {
      "file_path": "./images/0031.jpg",
      "sharpness": 5.271041183899843,
      "transform_matrix": [
        [
          0.6693145403695588,
          0.5175025664700249,
          -0.533112689612351,
          -1.065929431675258
        ],
        [
          -0.714005534951294,
          0.24958922748778103,
          -0.6541416617071452,
          -1.2579197406915688
        ],
        [
          -0.20546080440413447,
          0.8184719367780875,
          0.5365533958882754,
          0.935627290199918
        ],
        [
          0.0,
          0.0,
          0.0,
          1.0
        ]
      ]
    },
    {
      "file_path": "./images/0025.jpg",
      "sharpness": 43.35867279324466,
      "transform_matrix": [
        [
          0.72843771810903,
          0.03925133348251009,
          -0.683986713127416,
          -2.600717826143078
        ],
        [
          -0.6756946893186756,
          -0.12380320959280118,
          -0.7267113953427974,
          -2.534479058069286
        ],
        [
          -0.11320414172814493,
          0.9915301801720681,
          -0.0636610099075456,
          -0.18555968179462992
        ],
        [
          0.0,
          0.0,
          0.0,
          1.0
        ]
      ]
    },
    {
      "file_path": "./images/0030.jpg",
      "sharpness": 8.875829422170566,
      "transform_matrix": [
        [
          0.7033345930077035,
          0.4834043247878174,
          -0.5211916241978699,
          -1.6410575472774693
        ],
        [
          -0.6764938390966861,
          0.22995812538124386,
          -0.699625146943266,
          -1.5064935006479905
        ],
        [
          -0.21834957289773926,
          0.8446534907419517,
          0.48875755203548393,
          0.8489864242840642
        ],
        [
          0.0,
          0.0,
          0.0,
          1.0
        ]
      ]
    },
    {
      "file_path": "./images/0034.jpg",
      "sharpness": 7.807096560105664,
      "transform_matrix": [
        [
          0.9882159180793684,
          0.14103036174623312,
          -0.0594956838700848,
          -0.2439881950981611
        ],
        [
          -0.13562915287872274,
          0.6266150441613078,
          -0.767436198859644,
          -0.7034161581364546
        ],
        [
          -0.07095091416666953,
          0.7664620170266639,
          0.6383587896420323,
          1.0040018212549713
        ],
        [
          0.0,
          0.0,
          0.0,
          1.0
        ]
      ]
    },
    {
      "file_path": "./images/0029.jpg",
      "sharpness": 30.49066211099342,
      "transform_matrix": [
        [
          0.7004608691529748,
          0.4545173788225475,
          -0.5502440578621743,
          -2.192656638186887
        ],
        [
          -0.6699418778074732,
          0.15296232114887406,
          -0.726484967957742,
          -1.9621849470631547
        ],
        [
          -0.24603343510116193,
          0.8775058294588401,
          0.41164434668410493,
          0.8296843725266735
        ],
        [
          0.0,
          0.0,
          0.0,
          1.0
        ]
      ]
    },
    {
      "file_path": "./images/0035.jpg",
      "sharpness": 11.780190920847932,
      "transform_matrix": [
        [
          0.9897546128501089,
          -0.10624780645794868,
          0.09537929567624975,
          0.002731186052786038
        ],
        [
          0.14266749283263763,
          0.7095627766524276,
          -0.6900482972069151,
          -0.6522292821957472
        ],
        [
          0.0056385200530846636,
          0.6965860102321803,
          0.7174511394647946,
          1.0281893210325947
        ],
        [
          0.0,
          0.0,
          0.0,
          1.0
        ]
      ]
    },
    {
      "file_path": "./images/0027.jpg",
      "sharpness": 68.61760762801501,
      "transform_matrix": [
        [
          0.7044137995970161,
          -0.08734861313904907,
          -0.7043943631225845,
          -2.7454152897762745
        ],
        [
          -0.6998034068633807,
          -0.2513506178732739,
          -0.6686539154429184,
          -2.54058044337676
        ],
        [
          -0.118643966213379,
          0.9639466202811141,
          -0.23818170082666845,
          -0.4856488944856959
        ],
        [
          0.0,
          0.0,
          0.0,
          1.0
        ]
      ]
    },
    {
      "file_path": "./images/0040.jpg",
      "sharpness": 11.378640887545126,
      "transform_matrix": [
        [
          0.7707730202168926,
          -0.06711977763050185,
          0.6335644299007427,
          1.0210601313756036
        ],
        [
          0.6117426049747167,
          0.35578224571031464,
          -0.706533777604503,
          -1.2090708810841486
        ],
        [
          -0.17798858563100878,
          0.9321555284162748,
          0.3152873836786948,
          0.8570508205621538
        ],
        [
          0.0,
          0.0,
          0.0,
          1.0
        ]
      ]
    },
    {
      "file_path": "./images/0039.jpg",
      "sharpness": 11.88257852711735,
      "transform_matrix": [
        [
          0.7488342181569989,
          -0.2629266388467456,
          0.6083723336747334,
          0.8528560785024606
        ],
        [
          0.6570090167667189,
          0.4151349707891934,
          -0.6292869837483538,
          -0.6338499937978389
        ],
        [
          -0.08710031946205261,
          0.8709377352472856,
          0.48361244375103296,
          0.9577949622796994
        ],
        [
          0.0,
          0.0,
          0.0,
          1.0
        ]
      ]
    },
    {
      "file_path": "./images/0032.jpg",
      "sharpness": 26.241730308352476,
      "transform_matrix": [
        [
          0.6204057341431979,
          0.5928021141227776,
          -0.5135001252314325,
          -0.7117047448062227
        ],
        [
          -0.7591554618395693,
          0.28951414978594514,
          -0.5829790234930312,
          -0.9930488331803149
        ],
        [
          -0.1969256454445468,
          0.7515099537850233,
          0.6296452013691435,
          1.029879578725619
        ],
        [
          0.0,
          0.0,
          0.0,
          1.0
        ]
      ]
    },
    {
      "file_path": "./images/0037.jpg",
      "sharpness": 21.001854990850354,
      "transform_matrix": [
        [
          0.8913755964993713,
          -0.24752308230525613,
          0.37971287806761006,
          0.31049834187753755
        ],
        [
          0.44690817714061104,
          0.6197559883832638,
          -0.6451167305751387,
          -0.5041228022853307
        ],
        [
          -0.07564804844999777,
          0.7447381007021493,
          0.6630554533424567,
          1.1180078320431677
        ],
        [
          0.0,
          0.0,
          0.0,
          1.0
        ]
      ]
    },
    {
      "file_path": "./images/0042.jpg",
      "sharpness": 35.36964045568092,
      "transform_matrix": [
        [
          0.86864627608162,
          0.23408948213434386,
          0.43664145644052205,
          0.665147125935407
        ],
        [
          0.41312108513303053,
          0.14423466488457656,
          -0.8991814780477616,
          -1.4844472930884522
        ],
        [
          -0.2734677606854068,
          0.9614564347265306,
          0.02858160365629874,
          -0.1369196279760049
        ],
        [
          0.0,
          0.0,
          0.0,
          1.0
        ]
      ]
    },
    {
      "file_path": "./images/0044.jpg",
      "sharpness": 20.44580537065838,
      "transform_matrix": [
        [
          0.7922389574340968,
          0.054471856354108686,
          0.6077748359943547,
          1.1335324438026992
        ],
        [
          0.6100524895712605,
          -0.09340151334202171,
          -0.7868367793089898,
          -1.4104307701590983
        ],
        [
          0.013906629436422815,
          0.994137301507677,
          -0.1072270091332423,
          -0.6194211159679774
        ],
        [
          0.0,
          0.0,
          0.0,
          1.0
        ]
      ]
    },
    {
      "file_path": "./images/0038.jpg",
      "sharpness": 18.46289012738602,
      "transform_matrix": [
        [
          0.7441379090221115,
          -0.3359189870211331,
          0.5774229009952648,
          0.7577934636836898
        ],
        [
          0.6591639672498554,
          0.5095549995905166,
          -0.5530430061683776,
          -0.35111376663826926
        ],
        [
          -0.10845107966899337,
          0.7921566364103987,
          0.6006048840864529,
          0.9661061373753225
        ],
        [
          0.0,
          0.0,
          0.0,
          1.0
        ]
      ]
    },
    {
      "file_path": "./images/0041.jpg",
      "sharpness": 44.65197198496557,
      "transform_matrix": [
        [
          0.8822235995713027,
          0.17724834604433037,
          0.4361932418812732,
          0.6762285391329299
        ],
        [
          0.3784854636901211,
          0.2840692468477101,
          -0.880938940432687,
          -1.397764393989844
        ],
        [
          -0.28005405585901305,
          0.9422779244429853,
          0.1835266710406004,
          0.5295196394756406
        ],
        [
          0.0,
          0.0,
          0.0,
          1.0
        ]
      ]
    },
    {
      "file_path": "./images/0033.jpg",
      "sharpness": 44.88355097286722,
      "transform_matrix": [
        [
          0.8465386951796116,
          0.3917231500782985,
          -0.360451399408057,
          -0.46103287698692325
        ],
        [
          -0.5103976912549881,
          0.4049308594072847,
          -0.7586337692597604,
          -0.8754688827540024
        ],
        [
          -0.15121651491334356,
          0.8261864032158504,
          0.5427242327716967,
          0.9835131322901779
        ],
        [
          0.0,
          0.0,
          0.0,
          1.0
        ]
      ]
    },
    {
      "file_path": "./images/0036.jpg",
      "sharpness": 37.59749710356417,
      "transform_matrix": [
        [
          0.9637501796084857,
          -0.19253059304317127,
          0.18470939912724588,
          0.1187903532393756
        ],
        [
          0.2667462881050555,
          0.6806169740748499,
          -0.6823539787994104,
          -0.5972107066699875
        ],
        [
          0.0056576638864481695,
          0.7068893162198046,
          0.7073015520501517,
          1.0641042245755434
        ],
        [
          0.0,
          0.0,
          0.0,
          1.0
        ]
      ]
    },
    {
      "file_path": "./images/0043.jpg",
      "sharpness": 60.3926670603495,
      "transform_matrix": [
        [
          0.8564616760395096,
          0.15320634656195795,
          0.49295153202685493,
          0.7809392536800112
        ],
        [
          0.49744034378554397,
          0.010223293336894744,
          -0.8674379451279981,
          -1.5277248344569474
        ],
        [
          -0.13793658655505497,
          0.9881413359056427,
          -0.06745515875794733,
          -0.45014357058025406
        ],
        [
          0.0,
          0.0,
          0.0,
          1.0
        ]
      ]
    },
    {
      "file_path": "./images/0046.jpg",
      "sharpness": 45.09148147394627,
      "transform_matrix": [
        [
          0.9118457303928126,
          0.2120721420917298,
          0.35151496496154355,
          0.9395409935738718
        ],
        [
          0.37364279370537057,
          -0.07397187658045809,
          -0.9246184208565325,
          -1.4700163115740636
        ],
        [
          -0.1700835875241981,
          0.9744503928380503,
          -0.146690167467271,
          -0.6411918576553725
        ],
        [
          0.0,
          0.0,
          0.0,
          1.0
        ]
      ]
    },
    {
      "file_path": "./images/0045.jpg",
      "sharpness": 51.00907156784623,
      "transform_matrix": [
        [
          0.7044550866387296,
          0.025146817671913922,
          0.7093029455378621,
          1.3047656802396523
        ],
        [
          0.6892684262782296,
          -0.2625811181084497,
          -0.6752482454244997,
          -1.3081215759319351
        ],
        [
          0.16926921600597886,
          0.9645821862585612,
          -0.2023095117494082,
          -0.7028371202753377
        ],
        [
          0.0,
          0.0,
          0.0,
          1.0
        ]
      ]
    },
    {
      "file_path": "./images/0047.jpg",
      "sharpness": 34.49800575161947,
      "transform_matrix": [
        [
          0.9649683137213236,
          0.18371710867606386,
          0.18730770825682627,
          0.541420573538248
        ],
        [
          0.19761442222127745,
          -0.03932963756647008,
          -0.9794905409135186,
          -1.5516258703678731
        ],
        [
          -0.17258242587303854,
          0.9821920401160698,
          -0.07425700432497141,
          -0.6427786938025396
        ],
        [
          0.0,
          0.0,
          0.0,
          1.0
        ]
      ]
    },
    {
      "file_path": "./images/0051.jpg",
      "sharpness": 24.158195041481722,
      "transform_matrix": [
        [
          0.8887698362168011,
          0.12063643393516912,
          0.4421934295276873,
          0.7627798549775112
        ],
        [
          0.44732501636437105,
          -0.017932360235554088,
          -0.8941916797818092,
          -1.464547923674765
        ],
        [
          -0.09994252363129061,
          0.9925347758857953,
          -0.06990143565372285,
          -0.5462192968431335
        ],
        [
          0.0,
          0.0,
          0.0,
          1.0
        ]
      ]
    },
    {
      "file_path": "./images/0052.jpg",
      "sharpness": 10.316442901201073,
      "transform_matrix": [
        [
          0.8532977591273232,
          -0.021526934055337645,
          0.5209793906263063,
          0.7232985096216483
        ],
        [
          0.512898654258128,
          0.2145896670251758,
          -0.8311956720690031,
          -1.2686329046339517
        ],
        [
          -0.09390369954176675,
          0.9764670327212621,
          0.19415001751174715,
          -0.24092321143221948
        ],
        [
          0.0,
          0.0,
          0.0,
          1.0
        ]
      ]
    },
    {
      "file_path": "./images/0049.jpg",
      "sharpness": 68.4543310680831,
      "transform_matrix": [
        [
          0.9200908572892065,
          0.20743203472219485,
          0.3322721254976329,
          0.7040620088173343
        ],
        [
          0.37359460454182924,
          -0.20976707464785405,
          -0.9035623087817088,
          -1.5617752012393529
        ],
        [
          -0.11772801645621107,
          0.9554944926267387,
          -0.27050025652513837,
          -0.6829107603956366
        ],
        [
          0.0,
          0.0,
          0.0,
          1.0
        ]
      ]
    },
    {
      "file_path": "./images/0048.jpg",
      "sharpness": 72.24711928122986,
      "transform_matrix": [
        [
          0.9430866420229749,
          0.28098332293790274,
          0.17786499921990087,
          0.5215187296993796
        ],
        [
          0.23596035510922161,
          -0.18852484008440565,
          -0.9533001077771341,
          -1.5421223413178031
        ],
        [
          -0.23432946150573547,
          0.9410136858611067,
          -0.24409618303331684,
          -0.640310055942147
        ],
        [
          0.0,
          0.0,
          0.0,
          1.0
        ]
      ]
    },
    {
      "file_path": "./images/0060.jpg",
      "sharpness": 23.20243670990845,
      "transform_matrix": [
        [
          0.895276647192973,
          0.1521607163762059,
          0.41872048130188305,
          1.876009151144619
        ],
        [
          0.4320208526508059,
          -0.06698488262368361,
          -0.899372563721386,
          -3.7857416171275693
        ],
        [
          -0.10880123129281212,
          0.9860832327802262,
          -0.12570660355675228,
          -0.4607563706982981
        ],
        [
          0.0,
          0.0,
          0.0,
          1.0
        ]
      ]
    },
    {
      "file_path": "./images/0059.jpg",
      "sharpness": 24.465852423269435,
      "transform_matrix": [
        [
          0.9031376114808125,
          0.0565901164327429,
          0.4256054669876241,
          1.9003291103802626
        ],
        [
          0.41831274868240914,
          0.10735381228317672,
          -0.9019365849537606,
          -3.8219717157118236
        ],
        [
          -0.09673106576716704,
          0.9926090457921536,
          0.07328289845554938,
          0.29040321567285127
        ],
        [
          0.0,
          0.0,
          0.0,
          1.0
        ]
      ]
    },
    {
      "file_path": "./images/0061.jpg",
      "sharpness": 18.099798786829957,
      "transform_matrix": [
        [
          0.8786232191912058,
          0.1666743283842481,
          0.4474828566935656,
          1.8036084338277334
        ],
        [
          0.4646506708025769,
          -0.08235845566712194,
          -0.8816557371802547,
          -3.7362807574648844
        ],
        [
          -0.11009538084584404,
          0.9825664115550298,
          -0.1498073899351728,
          -0.5719949532423799
        ],
        [
          0.0,
          0.0,
          0.0,
          1.0
        ]
      ]
    },
    {
      "file_path": "./images/0062.jpg",
      "sharpness": 6.401320850373827,
      "transform_matrix": [
        [
          0.8378386522642712,
          0.056444654727912616,
          0.5429920752677039,
          1.7568969554630025
        ],
        [
          0.5229891278982576,
          0.20224369085491203,
          -0.8279975009682209,
          -4.002395329380199
        ],
        [
          -0.15655275446483458,
          0.9777072621893207,
          0.13992764062416227,
          0.49119646937522854
        ],
        [
          0.0,
          0.0,
          0.0,
          1.0
        ]
      ]
    },
    {
      "file_path": "./images/0050.jpg",
      "sharpness": 132.86797727033937,
      "transform_matrix": [
        [
          0.906004075965275,
          0.19300799970416846,
          0.3767021720980593,
          0.8085681524500969
        ],
        [
          0.41596219131470075,
          -0.24134772283172068,
          -0.8767706268349958,
          -1.5922582325592656
        ],
        [
          -0.07830753346316315,
          0.9510516225780516,
          -0.2989460511086895,
          -0.695903283714787
        ],
        [
          0.0,
          0.0,
          0.0,
          1.0
        ]
      ]
    },
    {
      "file_path": "./images/0063.jpg",
      "sharpness": 3.9362117729250983,
      "transform_matrix": [
        [
          0.8929505726274747,
          -0.07424268302481224,
          0.4439902014013754,
          1.6540424733908106
        ],
        [
          0.442914890536612,
          0.32108315283578054,
          -0.8370973711020673,
          -4.179181994944944
        ],
        [
          -0.08040941891051233,
          0.9441364483235632,
          0.3195945750108245,
          1.102963717455627
        ],
        [
          0.0,
          0.0,
          0.0,
          1.0
        ]
      ]
    },
    {
      "file_path": "./images/0056.jpg",
      "sharpness": 29.193794836252504,
      "transform_matrix": [
        [
          0.8847183150773841,
          -0.13710126560287877,
          0.44550729064249367,
          1.5497615276155827
        ],
        [
          0.46370370238341346,
          0.35618168245620946,
          -0.8112419401624861,
          -2.9207278821846825
        ],
        [
          -0.047459239621139175,
          0.9243039825303907,
          0.37869482242559216,
          1.0216921154453251
        ],
        [
          0.0,
          0.0,
          0.0,
          1.0
        ]
      ]
    },
    {
      "file_path": "./images/0053.jpg",
      "sharpness": 31.494785182595077,
      "transform_matrix": [
        [
          0.8481680267787799,
          -0.14444279168145716,
          0.5096540771546421,
          1.1057272922115315
        ],
        [
          0.5159346797952635,
          0.44336862547036177,
          -0.7329636199246845,
          -1.382686911741698
        ],
        [
          -0.1200933161905513,
          0.8846245203152822,
          0.4505741376757233,
          0.3814716334766701
        ],
        [
          0.0,
          0.0,
          0.0,
          1.0
        ]
      ]
    },
    {
      "file_path": "./images/0054.jpg",
      "sharpness": 44.71664968680874,
      "transform_matrix": [
        [
          0.8401195231494989,
          -0.20397187441346074,
          0.5025879637936128,
          1.1697818863897735
        ],
        [
          0.5352009817521962,
          0.46221498208618705,
          -0.7070482440870407,
          -1.9084144111782455
        ],
        [
          -0.08808573103441837,
          0.8629906053052742,
          0.4974817777787214,
          0.8504417870713824
        ],
        [
          0.0,
          0.0,
          0.0,
          1.0
        ]
      ]
    },
    {
      "file_path": "./images/0057.jpg",
      "sharpness": 59.83202353223054,
      "transform_matrix": [
        [
          0.893538471939687,
          -0.06422000887194218,
          0.4443701044209308,
          1.7446508422560771
        ],
        [
          0.4421764322988172,
          0.2975933774342867,
          -0.8461194859041836,
          -3.4373110087907195
        ],
        [
          -0.07790379931396173,
          0.952530299906318,
          0.29430770613719687,
          0.9651944179001495
        ],
        [
          0.0,
          0.0,
          0.0,
          1.0
        ]
      ]
    },
    {
      "file_path": "./images/0055.jpg",
      "sharpness": 34.97726899892945,
      "transform_matrix": [
        [
          0.8507466655775054,
          -0.21400968322762204,
          0.48003121416472544,
          1.386779685988693
        ],
        [
          0.5241618002351673,
          0.4124403380011241,
          -0.745082126187284,
          -2.446111084109831
        ],
        [
          -0.03852944641728569,
          0.8854901598208854,
          0.463057943132464,
          0.9226174831323523
        ],
        [
          0.0,
          0.0,
          0.0,
          1.0
        ]
      ]
    },
    {
      "file_path": "./images/0067.jpg",
      "sharpness": 27.99839503356345,
      "transform_matrix": [
        [
          0.94079107823059,
          -0.1076033853278969,
          0.3214555313983437,
          1.6290634393470906
        ],
        [
