{
  "camera_angle_x": 0.6300142876206282,
  "camera_angle_y": 1.0499681657756577,
  "fl_x": 1657.1668750339404,
  "fl_y": 1657.4619252554778,
  "k1": 0.06782489681206066,
  "k2": -0.07271788574099533,
  "k3": 0,
  "k4": 0,
  "p1": 1.2304351225033069e-05,
  "p2": -8.919823666959814e-06,
  "is_fisheye": false,
  "cx": 542.4535328226244,
  "cy": 971.0122466367732,
  "w": 1080.0,
  "h": 1920.0,
  "aabb_scale": 32,
  "frames": [
    {
      "file_path": "./images/0067.jpg",
      "sharpness": 29.92151856071357,
      "transform_matrix": [
        [
          -0.20257011706566352,
          0.011104053063550348,
          0.9792048037651504,
          2.379877211141752
        ],
        [
          0.9591419752781535,
          0.20393301512493484,
          0.1961071049237671,
          0.3839683447109038
        ],
        [
          -0.1975146043574345,
          0.9789218688869787,
          -0.051961098136378815,
          -0.301784319790828
        ],
        [
          0.0,
          0.0,
          0.0,
          1.0
        ]
      ]
    },
    {
      "file_path": "./images/0010.jpg",
      "sharpness": 37.30933661494258,
      "transform_matrix": [
        [
          -0.0011447044488487462,
          -0.287408915175912,
          0.9578072902041993,
          10.377408906961723
        ],
        [
          0.9971906476847067,
          0.07140853629574057,
          0.0226193084390636,
          0.6305861673087079
        ],
        [
          -0.0748966075473721,
          0.9551423644988594,
          0.28651974060544305,
          2.5573061299942617
        ],
        [
          0.0,
          0.0,
          0.0,
          1.0
        ]
      ]
    },
    {
      "file_path": "./images/0005.jpg",
      "sharpness": 80.81656439751696,
      "transform_matrix": [
        [
          -0.13347960664191338,
          -0.3759036650007127,
          0.9169948905467977,
          9.230118593632788
        ],
        [
          0.9886848820252664,
          0.013399274911254835,
          0.1494077089260934,
          1.3925192701989317
        ],
        [
          -0.06844997199533076,
          0.926561867394757,
          0.3698617407396537,
          2.570320414596232
        ],
        [
          0.0,
          0.0,
          0.0,
          1.0
        ]
      ]
    },
    {
      "file_path": "./images/0001.jpg",
      "sharpness": 248.25550098406407,
      "transform_matrix": [
        [
          -0.31519272489099026,
          -0.3655038301292944,
          0.8758198995089058,
          9.089600691833414
        ],
        [
          0.9489975087662188,
          -0.12874723022045476,
          0.2877983305477607,
          3.3095321328918517
        ],
        [
          0.0075679941137054155,
          0.9218628427862583,
          0.3874424145525644,
          2.512567803051327
        ],
        [
          0.0,
          0.0,
          0.0,
          1.0
        ]
      ]
    },
    {
      "file_path": "./images/0004.jpg",
      "sharpness": 111.89098517599012,
      "transform_matrix": [
        [
          -0.19477992214032977,
          -0.38545154183028285,
          0.9019356356585797,
          9.088217856968967
        ],
        [
          0.9801034164945936,
          -0.04068790437069916,
          0.1942724566518697,
          1.9337642532068497
        ],
        [
          -0.03818474705941792,
          0.9218305719478586,
          0.3857075598863469,
          2.5288946802741132
        ],
        [
          0.0,
          0.0,
          0.0,
          1.0
        ]
      ]
    },
    {
      "file_path": "./images/0008.jpg",
      "sharpness": 214.75791834992998,
      "transform_matrix": [
        [
          0.003372324816490007,
          -0.35735508325363596,
          0.9339625109913676,
          10.141563339188766
        ],
        [
          0.9940973899437964,
          0.10247708721747074,
          0.0356205825662743,
          0.6124226700362447
        ],
        [
          -0.1084389539452243,
          0.9283295703073066,
          0.3555913415699327,
          2.56992579771357
        ],
        [
          0.0,
          0.0,
          0.0,
          1.0
        ]
      ]
    },
    {
      "file_path": "./images/0006.jpg",
      "sharpness": 141.58039093724014,
      "transform_matrix": [
        [
          -0.006163636965499665,
          -0.3702375221572896,
          0.9289166737686267,
          9.567130220789496
        ],
        [
          0.9920180620360554,
          0.1147330892851249,
          0.052311402364370596,
          0.8174472705858352
        ],
        [
          -0.12594512366189464,
          0.9218245469982619,
          0.3665751361132218,
          2.5821137518984916
        ],
        [
          0.0,
          0.0,
          0.0,
          1.0
        ]
      ]
    },
    {
      "file_path": "./images/0011.jpg",
      "sharpness": 161.9265757040143,
      "transform_matrix": [
        [
          -0.005959213326748648,
          -0.24464495711181036,
          0.9695944166379404,
          10.297187663256565
        ],
        [
          0.9989464861653748,
          0.04266336282976875,
          0.016904296788477782,
          0.5023629227661882
        ],
        [
          -0.045501709357564896,
          0.9686736718167381,
          0.24413298018458268,
          3.0918240736305598
        ],
        [
          0.0,
          0.0,
          0.0,
          1.0
        ]
      ]
    },
    {
      "file_path": "./images/0012.jpg",
      "sharpness": 221.14258802483522,
      "transform_matrix": [
        [
          -0.012589033956791241,
          -0.23631474000587194,
          0.9715950081794231,
          10.242970423044751
        ],
        [
          0.9998081378899327,
          0.01160795476527491,
          0.015777921131719563,
          0.6883538713353533
        ],
        [
          -0.015006786235189107,
          0.971607224695918,
          0.2361232672245055,
          3.4553317031778326
        ],
        [
          0.0,
          0.0,
          0.0,
          1.0
        ]
      ]
    },
    {
      "file_path": "./images/0002.jpg",
      "sharpness": 163.752883291938,
      "transform_matrix": [
        [
          -0.273358814663189,
          -0.3771783678098741,
          0.884879334904707,
          9.082861663242761
        ],
        [
          0.9619087251200473,
          -0.1047372089582825,
          0.25251083461420193,
          2.992921224331242
        ],
        [
          -0.0025618326513134255,
          0.9201992153630131,
          0.39144200221482306,
          2.4802844856607185
        ],
        [
          0.0,
          0.0,
          0.0,
          1.0
        ]
      ]
    },
    {
      "file_path": "./images/0003.jpg",
      "sharpness": 238.3401212122955,
      "transform_matrix": [
        [
          -0.22776241117282903,
          -0.3835312155401071,
          0.8950017267035009,
          9.082670983790942
        ],
        [
          0.9735039734556789,
          -0.07047844235289547,
          0.2175380491535236,
          2.453854849509395
        ],
        [
          -0.02035430481685987,
          0.9208347277925918,
          0.3894215022385814,
          2.476875518760392
        ],
        [
          0.0,
          0.0,
          0.0,
          1.0
        ]
      ]
    },
    {
      "file_path": "./images/0007.jpg",
      "sharpness": 117.28137222650521,
      "transform_matrix": [
        [
          0.003042734898763925,
          -0.3577184540787389,
          0.9338245281716657,
          9.915998992548559
        ],
        [
          0.9926691499711915,
          0.11391094309325564,
          0.04040118487227223,
          0.6304980481116721
        ],
        [
          -0.12082508208310748,
          0.9268558705072543,
          0.3554426745412514,
          2.56778658046489
        ],
        [
          0.0,
          0.0,
          0.0,
          1.0
        ]
      ]
    },
    {
      "file_path": "./images/0009.jpg",
      "sharpness": 215.48165451298456,
      "transform_matrix": [
        [
          -0.0017773595591973593,
          -0.33656240047776353,
          0.9416594881467634,
          10.285003121841134
        ],
        [
          0.9952635688569726,
          0.09093146688968291,
          0.03437872649443125,
          0.6915909117321728
        ],
        [
          -0.09719706528210745,
          0.9372604861791455,
          0.3348066779306605,
          2.5322177809156656
        ],
        [
          0.0,
          0.0,
          0.0,
          1.0
        ]
      ]
    },
    {
      "file_path": "./images/0020.jpg",
      "sharpness": 21.828652563665425,
      "transform_matrix": [
        [
          0.005306731594713721,
          -0.24293234234145605,
          0.9700287189993172,
          9.875008065476331
        ],
        [
          0.9900199805238064,
          0.13788654129647673,
          0.029115973158100137,
          2.0473247764637805
        ],
        [
          -0.14082711657991603,
          0.960193302836568,
          0.2412395996986748,
          2.9525218117558265
        ],
        [
          0.0,
          0.0,
          0.0,
          1.0
        ]
      ]
    },
    {
      "file_path": "./images/0013.jpg",
      "sharpness": 208.0685951918695,
      "transform_matrix": [
        [
          -0.019160802904643663,
          -0.2307718705652889,
          0.9728192059303867,
          10.195212254761682
        ],
        [
          0.9997911639438406,
          -0.011337654161656989,
          0.01700253210369575,
          0.8252701911333935
        ],
        [
          0.007105781580740255,
          0.9729418283705829,
          0.2309409156347601,
          3.7996201802361758
        ],
        [
          0.0,
          0.0,
          0.0,
          1.0
        ]
      ]
    },
    {
      "file_path": "./images/0024.jpg",
      "sharpness": 74.79602666120905,
      "transform_matrix": [
        [
          0.07074696967843583,
          -0.34829251209327816,
          0.9347123580761374,
          10.849105818086665
        ],
        [
          0.9955878177366616,
          0.08256290527497331,
          -0.044589952308945476,
          1.2204534693289826
        ],
        [
          -0.061642221375385,
          0.9337428407924745,
          0.3525968574050188,
          0.9801237509468298
        ],
        [
          0.0,
          0.0,
          0.0,
          1.0
        ]
      ]
    },
    {
      "file_path": "./images/0025.jpg",
      "sharpness": 33.90976859246935,
      "transform_matrix": [
        [
          0.009389224344427974,
          -0.34613234611852556,
          0.938138711212727,
          10.645001586029432
        ],
        [
          0.9982973765648836,
          0.05725714127042421,
          0.011134079091509309,
          1.281093753447858
        ],
        [
          -0.057569005636974147,
          0.9364368738911675,
          0.346080613219081,
          0.3591492543757357
        ],
        [
          0.0,
          0.0,
          0.0,
          1.0
        ]
      ]
    },
    {
      "file_path": "./images/0014.jpg",
      "sharpness": 143.50346447928794,
      "transform_matrix": [
        [
          -0.027844666987806112,
          -0.23550840147261928,
          0.9714733487828328,
          10.12698291082541
        ],
        [
          0.9994804084328731,
          -0.022343811868582652,
          0.023230738904417254,
          1.0248102412001387
        ],
        [
          0.016235383556138495,
          0.9716154316117905,
          0.23600818929394543,
          3.986683347292152
        ],
        [
          0.0,
          0.0,
          0.0,
          1.0
        ]
      ]
    },
    {
      "file_path": "./images/0015.jpg",
      "sharpness": 200.93028547480398,
      "transform_matrix": [
        [
          -0.029809968784202022,
          -0.23053714229119254,
          0.9726068022713376,
          10.016157658992013
        ],
        [
          0.9995530019842243,
          -0.009087071150017376,
          0.02848194800652247,
          1.4109492044983354
        ],
        [
          0.0022720003129205043,
          0.9730210949415798,
          0.23070497795334766,
          3.9444502841130706
        ],
        [
          0.0,
          0.0,
          0.0,
          1.0
        ]
      ]
    },
    {
      "file_path": "./images/0022.jpg",
      "sharpness": 70.22899099362218,
      "transform_matrix": [
        [
          0.04136226596160185,
          -0.34977272065399106,
          0.935921047353893,
          10.368265489953107
        ],
        [
          0.9961897475130634,
          0.08642002374517622,
          -0.011728872313600022,
          1.0869856199860901
        ],
        [
          -0.07677987955660248,
          0.9328400845917013,
          0.3520145262818125,
          2.0700600553421964
        ],
        [
          0.0,
          0.0,
          0.0,
          1.0
        ]
      ]
    },
    {
      "file_path": "./images/0023.jpg",
      "sharpness": 158.01457468403473,
      "transform_matrix": [
        [
          0.043766574088260256,
          -0.3715926750240146,
          0.927363667015403,
          10.74800709814613
        ],
        [
          0.9972873602086905,
          0.07123812481978586,
          -0.01852162898203783,
          1.2043759414559527
        ],
        [
          -0.05918114700493985,
          0.9256586916783203,
          0.3737025266154192,
          1.6071341112481947
        ],
        [
          0.0,
          0.0,
          0.0,
          1.0
        ]
      ]
    },
    {
      "file_path": "./images/0026.jpg",
      "sharpness": 70.19237079872698,
      "transform_matrix": [
        [
          -0.06257013252866818,
          -0.3420948996774692,
          0.9375798942859155,
          10.329714823330047
        ],
        [
          0.9978696692920619,
          -0.004059111445456875,
          0.06511256961010682,
          1.457478480101239
        ],
        [
          -0.018468936688585517,
          0.9396566411557592,
          0.3416201035487481,
          -0.1809031075272327
        ],
        [
          0.0,
          0.0,
          0.0,
          1.0
        ]
      ]
    },
    {
      "file_path": "./images/0016.jpg",
      "sharpness": 141.78610266876828,
      "transform_matrix": [
        [
          -0.03537144222296152,
          -0.20619585346923572,
          0.9778712242040576,
          9.943118362385661
        ],
        [
          0.9987724277423099,
          0.026658563541521654,
          0.04174875533044808,
          1.7541465254703026
        ],
        [
          -0.03467706240250948,
          0.9781475303046828,
          0.20499978131980998,
          4.135724687790111
        ],
        [
          0.0,
          0.0,
          0.0,
          1.0
        ]
      ]
    },
    {
      "file_path": "./images/0021.jpg",
      "sharpness": 66.18590322225971,
      "transform_matrix": [
        [
          0.03135479255214094,
          -0.3095259219179445,
          0.9503739162477262,
          10.033379052698734
        ],
        [
          0.9932575718217834,
          0.11582257550524266,
          0.004952476353662648,
          1.2088975303099978
        ],
        [
          -0.11160767448195968,
          0.9438108045062868,
          0.311070558447938,
          2.5841578306562525
        ],
        [
          0.0,
          0.0,
          0.0,
          1.0
        ]
      ]
    },
    {
      "file_path": "./images/0017.jpg",
      "sharpness": 123.13913579695355,
      "transform_matrix": [
        [
          -0.03463750479332569,
          -0.18561854179087772,
          0.9820112016898289,
          9.960676735152662
        ],
        [
          0.9962397597924971,
          0.07166623784579415,
          0.048685638145387046,
          2.060527612074242
        ],
        [
          -0.07941400550624249,
          0.9800049527096437,
          0.18243823182987437,
          4.049518883551087
        ],
        [
          0.0,
          0.0,
          0.0,
          1.0
        ]
      ]
    },
    {
      "file_path": "./images/0018.jpg",
      "sharpness": 178.02084485947137,
      "transform_matrix": [
        [
          -0.030212332569781182,
          -0.17594467833461178,
          0.9839363217025807,
          9.931570501093278
        ],
        [
          0.9919731796160813,
          0.11564623088007343,
          0.05113863711129229,
          2.187231835221012
        ],
        [
          -0.1227860980879236,
          0.9775834590906322,
          0.1710384596163231,
          3.726911467655028
        ],
        [
          0.0,
          0.0,
          0.0,
          1.0
        ]
      ]
    },
    {
      "file_path": "./images/0027.jpg",
      "sharpness": 67.75176375576322,
      "transform_matrix": [
        [
          -0.06880337660149491,
          -0.3531651864873647,
          0.9330275700432217,
          10.243045982361851
        ],
        [
          0.997524990617307,
          -0.010769315493649519,
          0.06948319896022469,
          1.4739474115111215
        ],
        [
          -0.014490978652457792,
          0.9354989967585905,
          0.3530320646068179,
          -0.48588656807024744
        ],
        [
          0.0,
          0.0,
          0.0,
          1.0
        ]
      ]
    },
    {
      "file_path": "./images/0019.jpg",
      "sharpness": 167.06171274773413,
      "transform_matrix": [
        [
          -0.017371233969445638,
          -0.1815192854107066,
          0.9832339443355008,
          9.954055712557185
        ],
        [
          0.9893811277474773,
          0.13880531525307394,
          0.0431053188670613,
          2.3129945083803163
        ],
        [
          -0.14430254428916214,
          0.9735419012656255,
          0.17718053570009726,
          3.379566387567962
        ],
        [
          0.0,
          0.0,
          0.0,
          1.0
        ]
      ]
    },
    {
      "file_path": "./images/0028.jpg",
      "sharpness": 32.31240151346256,
      "transform_matrix": [
        [
          -0.0836500599927246,
          -0.39488101005288634,
          0.914916201300429,
          9.996543052250765
        ],
        [
          0.9952966312332487,
          0.011909528747427076,
          0.0961393726876104,
          1.4559055824971296
        ],
        [
          -0.04885983339360871,
          0.9186550773080194,
          0.39202750624941296,
          0.31218110181135006
        ],
        [
          0.0,
          0.0,
          0.0,
          1.0
        ]
      ]
    },
    {
      "file_path": "./images/0029.jpg",
      "sharpness": 25.57783709398436,
      "transform_matrix": [
        [
          -0.1119862078367044,
          -0.4433601058624664,
          0.8893204741954153,
          9.377845787366983
        ],
        [
          0.9908866602188049,
          0.017589638569149416,
          0.13354486592690745,
          1.550794753927924
        ],
        [
          -0.0748512916079845,
          0.8961709776509144,
          0.4373498176517377,
          1.057685120478487
        ],
        [
          0.0,
          0.0,
          0.0,
          1.0
        ]
      ]
    },
    {
      "file_path": "./images/0038.jpg",
      "sharpness": 18.21291272932326,
      "transform_matrix": [
        [
          0.03546350686065086,
          -0.24165248018753338,
          0.9697146067475418,
          3.161598402716792
        ],
        [
          0.9942859074945202,
          0.10629221862333897,
          -0.009874128717655672,
          0.4284277872514523
        ],
        [
          -0.10068700928834246,
          0.964523739012193,
          0.24404115038594584,
          0.6099282696496937
        ],
        [
          0.0,
          0.0,
          0.0,
          1.0
        ]
      ]
    },
    {
      "file_path": "./images/0040.jpg",
      "sharpness": 20.044530396229714,
      "transform_matrix": [
        [
          0.3348153692009337,
          -0.13732296019973347,
          0.9322237248579367,
          2.5922903655790845
        ],
        [
          0.9384805751453652,
          0.1373938792380845,
          -0.316823502951946,
          -0.6645808463604501
        ],
        [
          -0.08457469258979841,
          0.98095123558122,
          0.17487651307195773,
          0.028698784357018125
        ],
        [
          0.0,
          0.0,
          0.0,
          1.0
        ]
      ]
    },
    {
      "file_path": "./images/0036.jpg",
      "sharpness": 38.48407551538915,
      "transform_matrix": [
        [
          -0.1780098212036263,
          -0.3861551243485379,
          0.9050948699079006,
          3.871089920482335
        ],
        [
          0.9831336302899772,
          -0.030569542819369716,
          0.18031574541529008,
          0.8610944225559277
        ],
        [
          -0.041961512711599216,
          0.9219271788109633,
          0.3850837681074082,
          0.907567518025018
        ],
        [
          0.0,
          0.0,
          0.0,
          1.0
        ]
      ]
    },
    {
      "file_path": "./images/0041.jpg",
      "sharpness": 14.785951039897048,
      "transform_matrix": [
        [
          0.4234135135902415,
          -0.0537887968875454,
          0.904338300569946,
          2.587845674873161
        ],
        [
          0.8989966723335864,
          0.14826923433499872,
          -0.412093699639849,
          -0.7662317521800077
        ],
        [
          -0.11191952309675487,
          0.9874831641691023,
          0.11113514687784716,
          -0.39042490275802333
        ],
        [
          0.0,
          0.0,
          0.0,
          1.0
        ]
      ]
    },
    {
      "file_path": "./images/0042.jpg",
      "sharpness": 13.072454661168644,
      "transform_matrix": [
        [
          0.47289400625098105,
          0.06710267401074309,
          0.8785604646418405,
          2.37788392969326
        ],
        [
          0.872872136508051,
          0.10042663808499028,
          -0.4775025902242033,
          -0.7920519098124245
        ],
        [
          -0.12027257446946715,
          0.9926790627097729,
          -0.011080899210832064,
          -0.9701580391514637
        ],
        [
          0.0,
          0.0,
          0.0,
          1.0
        ]
      ]
    },
    {
      "file_path": "./images/0039.jpg",
      "sharpness": 46.98139273685179,
      "transform_matrix": [
        [
          0.27694207149290356,
          -0.14295579797297964,
          0.9501929956078972,
          2.7072565529049584
        ],
        [
          0.9597084103988938,
          0.09010638604312221,
          -0.26615898670509475,
          -0.4333143789734274
        ],
        [
          -0.04756948654560941,
          0.9856188305115793,
          0.16215013083547514,
          0.3454991586931996
        ],
        [
          0.0,
          0.0,
          0.0,
          1.0
        ]
      ]
    },
    {
      "file_path": "./images/0031.jpg",
      "sharpness": 93.17026528085877,
      "transform_matrix": [
        [
          -0.16779281579449465,
          -0.5075424084213136,
          0.845130921609681,
          7.639830008515813
        ],
        [
          0.984736021075599,
          -0.046057996008680595,
          0.16785002174521144,
          1.737650896773279
        ],
        [
          -0.04626596767582325,
          0.8603948888136672,
          0.5075234926360792,
          1.544873412141776
        ],
        [
          0.0,
          0.0,
          0.0,
          1.0
        ]
      ]
    },
    {
      "file_path": "./images/0043.jpg",
      "sharpness": 23.44794558514789,
      "transform_matrix": [
        [
          0.43256288690208106,
          0.22953131656700076,
          0.8718971978559961,
          2.188476477725663
        ],
        [
          0.8975970195316773,
          -0.01856418423751809,
          -0.4404258866046043,
          -0.8561639146519542
        ],
        [
          -0.08490547338536898,
          0.9731242191096593,
          -0.21405680276648456,
          -1.0616749502968248
        ],
        [
          0.0,
          0.0,
          0.0,
          1.0
        ]
      ]
    },
    {
      "file_path": "./images/0046.jpg",
      "sharpness": 18.13405426317287,
      "transform_matrix": [
        [
          0.6501671379265611,
          0.18123839657892496,
          0.7378586154576401,
          1.9539610323910679
        ],
        [
          0.7581665559019148,
          -0.0912833704898205,
          -0.645639853001542,
          -1.3700183843295803
        ],
        [
          -0.04966051036152658,
          0.9791935405814127,
          -0.1967583386630854,
          -1.1137645700748349
        ],
        [
          0.0,
          0.0,
          0.0,
          1.0
        ]
      ]
    },
    {
      "file_path": "./images/0044.jpg",
      "sharpness": 44.80339346720377,
      "transform_matrix": [
        [
          0.3539711153509677,
          0.24082837711277272,
          0.9037179550687268,
          2.0575294144492027
        ],
        [
          0.9322949187601625,
          -0.014023909012596234,
          -0.36142705270911124,
          -1.1132227280377665
        ],
        [
          -0.0743682321736545,
          0.9704663944683558,
          -0.22948713099026347,
          -1.025384171014453
        ],
        [
          0.0,
          0.0,
          0.0,
          1.0
        ]
      ]
    },
    {
      "file_path": "./images/0032.jpg",
      "sharpness": 148.98800503895853,
      "transform_matrix": [
        [
          -0.1867931271530885,
          -0.5088863040839454,
          0.8403231861631177,
          6.711670894533099
        ],
        [
          0.9823983994559152,
          -0.09789880599226798,
          0.1590886813439319,
          1.5847738111666372
        ],
        [
          0.001308585502285506,
          0.855248825395236,
          0.5182159147529533,
          1.6331497870256517
        ],
        [
          0.0,
          0.0,
          0.0,
          1.0
        ]
      ]
    },
    {
      "file_path": "./images/0047.jpg",
      "sharpness": 22.354801246892148,
      "transform_matrix": [
        [
          0.6783017928560832,
          0.20317981486250677,
          0.7061335855770082,
          1.8275360787092767
        ],
        [
          0.7312213370608703,
          -0.0921402125335675,
          -0.6758887019777653,
          -1.7936278511826065
        ],
        [
          -0.07226364268334681,
          0.9747964629118955,
          -0.21106828724320162,
          -1.1967644345082116
        ],
        [
          0.0,
          0.0,
          0.0,
          1.0
        ]
      ]
    },
    {
      "file_path": "./images/0033.jpg",
      "sharpness": 99.21383344176493,
      "transform_matrix": [
        [
          -0.2289490895274007,
          -0.4856442132018494,
          0.8436421116962525,
          5.889086596870754
        ],
        [
          0.9730605631618382,
          -0.13832193810254154,
          0.18444560677535587,
          1.4991994730173501
        ],
        [
          0.027119270373791023,
          0.8631435220527446,
          0.5042299133847218,
          1.5322091142219394
        ],
        [
          0.0,
          0.0,
          0.0,
          1.0
        ]
      ]
    },
    {
      "file_path": "./images/0045.jpg",
      "sharpness": 34.143414626727726,
      "transform_matrix": [
        [
          0.42785230332163565,
          0.23987435291668194,
          0.8714371471278668,
          2.055168102878683
        ],
        [
          0.8940696591866033,
          0.029121391427133967,
          -0.4469803005539564,
          -1.171617239147577
        ],
        [
          -0.13259657262753988,
          0.9703670642665649,
          -0.20200472656179458,
          -1.0949981485793303
        ],
        [
          0.0,
          0.0,
          0.0,
          1.0
        ]
      ]
    },
    {
      "file_path": "./images/0037.jpg",
      "sharpness": 135.39637128224157,
      "transform_matrix": [
        [
          -0.13771287266404822,
          -0.3021074020270773,
          0.9432742349827261,
          3.492266959024774
        ],
        [
          0.9854611516401797,
          0.05388433695494467,
          0.16112975156358703,
          0.7139137667116082
        ],
        [
          -0.09950619735287053,
          0.9517497548780525,
          0.2902945414869634,
          0.8299019350065289
        ],
        [
          0.0,
          0.0,
          0.0,
          1.0
        ]
      ]
    },
    {
      "file_path": "./images/0030.jpg",
      "sharpness": 133.09963262495688,
      "transform_matrix": [
        [
          -0.08659840983905907,
          -0.5022039144110357,
          0.8604021988597895,
          8.575587978630889
        ],
        [
          0.9937510715579545,
          0.017505850365541507,
          0.11023771124439456,
          1.671750211871613
        ],
        [
          -0.07042388225007076,
          0.864572017585798,
          0.49754969928202974,
          1.3092587600090722
        ],
        [
          0.0,
          0.0,
          0.0,
          1.0
        ]
      ]
    },
    {
      "file_path": "./images/0048.jpg",
      "sharpness": 40.50488134612108,
      "transform_matrix": [
        [
          0.7554912292624733,
          0.14122815820921325,
          0.6397558986640858,
          1.5342925909261322
        ],
        [
          0.65043665074088,
          -0.044653330737673066,
          -0.758246822233384,
          -1.8870151987811923
        ],
        [
          -0.07851857043758492,
          0.9889695078322529,
          -0.12559516994557213,
          -1.1824362576305714
        ],
        [
          0.0,
          0.0,
          0.0,
          1.0
        ]
      ]
    },
    {
      "file_path": "./images/0049.jpg",
      "sharpness": 24.527815779616574,
      "transform_matrix": [
        [
          0.8651191996797177,
          0.014347249945481292,
          0.5013610742805109,
          1.1461766879091924
        ],
        [
          0.49819457964492414,
          -0.14028973328476801,
          -0.8556406673056817,
          -1.9431365289745963
        ],
        [
          0.058059720872824704,
          0.9900065389644176,
          -0.12851506393824927,
          -1.084123943268021
        ],
        [
          0.0,
          0.0,
          0.0,
          1.0
        ]
      ]
    },
    {
      "file_path": "./images/0051.jpg",
      "sharpness": 23.370228722893117,
      "transform_matrix": [
        [
          0.8487292276313434,
          0.061186846885219394,
          0.5252759921905144,
          0.6690340918961099
        ],
        [
          0.528639818412251,
          -0.1246378684253218,
          -0.8396459635724219,
          -2.1614517230098675
        ],
        [
          0.014093990990723249,
          0.9903138752745052,
          -0.13812960542886094,
          -1.2575212658642376
        ],
        [
          0.0,
          0.0,
          0.0,
          1.0
        ]
      ]
    },
    {
      "file_path": "./images/0035.jpg",
      "sharpness": 113.2864134797692,
      "transform_matrix": [
        [
          -0.23011851958295337,
          -0.4309918566392574,
          0.8725201926000207,
          4.552738141168002
        ],
        [
          0.9730871094711723,
          -0.11307456115406024,
          0.20078750210324767,
          1.0545487083139684
        ],
        [
          0.01212205955486593,
          0.8952430749071432,
          0.4454131705979733,
          1.2194922966823287
        ],
        [
          0.0,
          0.0,
          0.0,
          1.0
        ]
      ]
    },
    {
      "file_path": "./images/0052.jpg",
      "sharpness": 23.350381942475988,
      "transform_matrix": [
        [
          0.8611610351716272,
          0.12672645861319257,
          0.4922825166798749,
          0.352262602909479
        ],
        [
          0.5082572472759213,
          -0.198019705481164,
          -0.8381305189722319,
          -2.1141318475647495
        ],
        [
          -0.008731673558513111,
          0.9719715021368364,
          -0.2349364955683071,
          -1.2176805809492626
        ],
        [
          0.0,
          0.0,
          0.0,
          1.0
        ]
      ]
    },
    {
      "file_path": "./images/0053.jpg",
      "sharpness": 20.98840903194518,
      "transform_matrix": [
        [
          0.9217327745486807,
          0.13332495442352524,
          0.3641883426057685,
          0.06375185969341333
        ],
        [
          0.38503982054988933,
          -0.20224181032628996,
          -0.900467982077575,
          -2.0832973599166467
        ],
        [
          -0.04640074296201474,
          0.9702178655959021,
          -0.23774832148785555,
          -1.2434041474190967
        ],
        [
          0.0,
          0.0,
          0.0,
          1.0
        ]
      ]
    },
    {
      "file_path": "./images/0050.jpg",
      "sharpness": 44.37791664225261,
      "transform_matrix": [
        [
          0.9481299302800563,
          0.030442610303420995,
          0.3164220011696894,
          0.9453130928186287
        ],
        [
          0.31731340221840393,
          -0.15020144013317505,
          -0.9363502187507127,
          -2.0317475599420356
        ],
        [
          0.019022095448557586,
          0.988186609349739,
          -0.15207032920921887,
          -1.1690898659583604
        ],
        [
          0.0,
          0.0,
          0.0,
          1.0
        ]
      ]
    },
    {
      "file_path": "./images/0058.jpg",
      "sharpness": 15.788108060888016,
      "transform_matrix": [
        [
          0.7448430595323684,
          0.17186297127867148,
          0.6447262487357783,
          0.9370657195295294
        ],
        [
          0.6658224171684605,
          -0.12849845141123636,
          -0.7349616702800693,
          -1.7964184452995204
        ],
        [
          -0.04346637188354487,
          0.9767042884756365,
          -0.2101413986528353,
          -1.1017382169524563
        ],
        [
          0.0,
          0.0,
          0.0,
          1.0
        ]
      ]
    },
    {
      "file_path": "./images/0057.jpg",
      "sharpness": 14.018092569482537,
      "transform_matrix": [
        [
          0.8710419708770152,
          0.0830571866439049,
          0.4841357131597149,
          0.2963025105160777
        ],
        [
          0.4911308225421721,
          -0.1647969973340326,
          -0.8553551688151201,
          -1.8644337814181624
        ],
        [
          0.00874071792778516,
          0.9828242230707365,
          -0.18433704574690968,
          -1.2429482854467884
        ],
        [
          0.0,
          0.0,
          0.0,
          1.0
        ]
      ]
    },
    {
      "file_path": "./images/0034.jpg",
      "sharpness": 158.2768686291519,
      "transform_matrix": [
        [
          -0.2520282411416012,
          -0.4583885728463079,
          0.852268550393699,
          5.243014492907478
        ],
        [
          0.9672513783380695,
          -0.1467239033772732,
          0.20711558917871947,
          1.4105283422888626
        ],
        [
          0.030108749101598383,
          0.8765569077362129,
          0.4803555462016162,
          1.4627451502272983
        ],
        [
          0.0,
          0.0,
          0.0,
          1.0
        ]
      ]
    },
    {
      "file_path": "./images/0056.jpg",
      "sharpness": 17.398908152756345,
      "transform_matrix": [
        [
          0.975055656977798,
          0.07738151871479554,
          0.20803501242859967,
          -0.2801685097790406
        ],
        [
          0.21876426365351598,
          -0.1765509773907022,
          -0.9596728345277513,
          -1.9472920731566858
        ],
        [
          -0.03753215662933405,
          0.9812450524622951,
          -0.18907534021179645,
          -1.220444400371212
        ],
        [
          0.0,
          0.0,
          0.0,
          1.0
        ]
      ]
    },
    {
      "file_path": "./images/0055.jpg",
      "sharpness": 22.517658401673906,
      "transform_matrix": [
        [
          0.9733088317104911,
          0.10014376951401265,
          0.20649732100214874,
          -0.3182675350792804
        ],
        [
          0.2233800579382458,
          -0.206995430534384,
          -0.9524989456442443,
          -1.9699714998649003
        ],
        [
          -0.05264283300990062,
          0.9732030195200266,
          -0.2238406016990259,
          -1.210767165677791
        ],
        [
          0.0,
          0.0,
          0.0,
          1.0
        ]
      ]
    },
    {
      "file_path": "./images/0059.jpg",
      "sharpness": 26.196259861545116,
      "transform_matrix": [
        [
          0.6758939824611704,
          0.24691251652415253,
          0.6944073254910768,
          1.2503196329326882
        ],
        [
          0.7269686496298392,
          -0.06844128868840767,
          -0.6832513245197879,
          -1.7413967886717892
        ],
        [
          -0.12117717172436136,
          0.9666178144568655,
          -0.22575671389065113,
          -1.0782870099260635
        ],
        [
          0.0,
          0.0,
          0.0,
          1.0
        ]
      ]
    },
    {
      "file_path": "./images/0054.jpg",
      "sharpness": 44.097692324019086,
      "transform_matrix": [
        [
          0.9488154697532186,
          0.11036670090374823,
          0.2959195764524258,
          -0.14041865495169467
        ],
        [
          0.31303248229819486,
          -0.20417163742352448,
          -0.9275368496712321,
          -2.0343255483014757
        ],
        [
          -0.04195079759490204,
          0.9726937513117638,
          -0.22826957041924792,
          -1.2278611745591352
        ],
        [
          0.0,
          0.0,
          0.0,
          1.0
        ]
      ]
    },
    {
      "file_path": "./images/0063.jpg",
      "sharpness": 19.075035664089288,
      "transform_matrix": [
        [
          0.2962784447339838,
          0.2018757973078934,
          0.9335230290070489,
          2.5108920809099957
        ],
        [
          0.9473619609969512,
          0.0620623395053539,
          -0.3140916759023385,
          -0.8605695940285966
        ],
        [
          -0.12134413066285882,
          0.9774428006361671,
          -0.1728617177902302,
          -0.38901684345250837
        ],
        [
          0.0,
          0.0,
          0.0,
          1.0
        ]
      ]
    },
    {
      "file_path": "./images/0061.jpg",
      "sharpness": 18.776369529690637,
      "transform_matrix": [
        [
          0.4751512517979716,
          0.2027460613603805,
          0.8562273778365502,
          1.8709981437609298
        ],
        [
          0.8682186474158086,
          0.05003253350282312,
          -0.4936528394233737,
          -1.314839930821805
        ],
        [
          -0.14292539384009903,
          0.9779523404712734,
          -0.15225489023870173,
          -0.7321407069099504
        ],
        [
          0.0,
          0.0,
          0.0,
          1.0
        ]
      ]
    },
    {
      "file_path": "./images/0060.jpg",
      "sharpness": 27.2602266363115,
      "transform_matrix": [
        [
          0.5778507979842422,
          0.24999251267983447,
          0.7769119634245428,
          1.56141807883482
        ],
