{
  "camera_angle_x": 0.6360212511731063,
  "camera_angle_y": 1.0577597369800638,
  "fl_x": 1640.424873521373,
  "fl_y": 1642.673010137675,
  "k1": 0.14281786926777143,
  "k2": -0.26110881265070934,
  "k3": 0,
  "k4": 0,
  "p1": 8.716791343614821e-05,
  "p2": 0.001294166040706689,
  "is_fisheye": false,
  "cx": 538.9529682564803,
  "cy": 957.97703781804,
  "w": 1080.0,
  "h": 1920.0,
  "aabb_scale": 32,
  "frames": [
    {
      "file_path": "./images/0006.jpg",
      "sharpness": 44.22251686579488,
      "transform_matrix": [
        [
          0.8521183367147854,
          0.31123171803456834,
          -0.4207483309535502,
          -1.4631494194140133
        ],
        [
          -0.5139767314759576,
          0.34620437345025495,
          -0.7848378503265689,
          -3.7491556113065787
        ],
        [
          -0.09860152023768086,
          0.8850295755285544,
          0.4549729560348703,
          2.6088750583960345
        ],
        [
          0.0,
          0.0,
          0.0,
          1.0
        ]
      ]
    },
    {
      "file_path": "./images/0009.jpg",
      "sharpness": 123.52103055147508,
      "transform_matrix": [
        [
          0.7879244499334913,
          0.33537565301579053,
          -0.5164283422099886,
          -2.3278850349039124
        ],
        [
          -0.6100641523845614,
          0.31123427267142534,
          -0.7286665612541977,
          -4.214928166383529
        ],
        [
          -0.08364682433676142,
          0.8891886183188437,
          0.44982975658258056,
          2.7998923631034613
        ],
        [
          0.0,
          0.0,
          0.0,
          1.0
        ]
      ]
    },
    {
      "file_path": "./images/0007.jpg",
      "sharpness": 133.5994383021141,
      "transform_matrix": [
        [
          0.8308583584483695,
          0.32209241992068094,
          -0.45379605694919845,
          -1.6941543446885219
        ],
        [
          -0.5482001304679207,
          0.33356018647716495,
          -0.7669512493974414,
          -3.9863185729729387
        ],
        [
          -0.09566088650103474,
          0.885998913709663,
          0.453712375603395,
          2.6521244038454763
        ],
        [
          0.0,
          0.0,
          0.0,
          1.0
        ]
      ]
    },
    {
      "file_path": "./images/0011.jpg",
      "sharpness": 140.87195182671127,
      "transform_matrix": [
        [
          0.7651202556982133,
          0.33926008770797306,
          -0.5472600728037806,
          -2.4305152400855254
        ],
        [
          -0.6390926102297755,
          0.2966042071186698,
          -0.7096383444186339,
          -4.49342773289208
        ],
        [
          -0.07843232698673562,
          0.8927085399375475,
          0.4437565017918736,
          2.856892910515408
        ],
        [
          0.0,
          0.0,
          0.0,
          1.0
        ]
      ]
    },
    {
      "file_path": "./images/0010.jpg",
      "sharpness": 105.79905710378688,
      "transform_matrix": [
        [
          0.7719469787878496,
          0.3383311981133989,
          -0.538172706851605,
          -2.423818789293609
        ],
        [
          -0.6305097785270154,
          0.2996789278373169,
          -0.7159957816859763,
          -4.362873172327275
        ],
        [
          -0.0809646908813603,
          0.8920339347036244,
          0.4446573717416578,
          2.8479361984798137
        ],
        [
          0.0,
          0.0,
          0.0,
          1.0
        ]
      ]
    },
    {
      "file_path": "./images/0012.jpg",
      "sharpness": 117.87597752112667,
      "transform_matrix": [
        [
          0.7662327207519107,
          0.3380448761157986,
          -0.5464550113755928,
          -2.523116434972824
        ],
        [
          -0.6379190550387818,
          0.2981313309638542,
          -0.7100542153358227,
          -4.439211645966
        ],
        [
          -0.0771148294054251,
          0.8926608377760555,
          0.44408324879831473,
          2.8664866682289776
        ],
        [
          0.0,
          0.0,
          0.0,
          1.0
        ]
      ]
    },
    {
      "file_path": "./images/0008.jpg",
      "sharpness": 132.92561679054342,
      "transform_matrix": [
        [
          0.8040278701106013,
          0.329655717597892,
          -0.49483966293835935,
          -1.9662818608303618
        ],
        [
          -0.5883976182499531,
          0.32131579214594247,
          -0.7419867954050329,
          -4.123123202586265
        ],
        [
          -0.08560039120513621,
          0.8877405418482397,
          0.45231549106908175,
          2.730655586798459
        ],
        [
          0.0,
          0.0,
          0.0,
          1.0
        ]
      ]
    },
    {
      "file_path": "./images/0005.jpg",
      "sharpness": 119.66222595563127,
      "transform_matrix": [
        [
          0.8741834271243656,
          0.3035108068823298,
          -0.37905741771301127,
          -1.235671016066978
        ],
        [
          -0.47424434698043405,
          0.36582023210650444,
          -0.8007920186532003,
          -3.51890483868617
        ],
        [
          -0.10438215919689614,
          0.8798049488114904,
          0.46373226862571015,
          2.5459921566050503
        ],
        [
          0.0,
          0.0,
          0.0,
          1.0
        ]
      ]
    },
    {
      "file_path": "./images/0004.jpg",
      "sharpness": 140.13123797528718,
      "transform_matrix": [
        [
          0.89499766632658,
          0.29648684575708933,
          -0.3332787536575169,
          -0.8707872271330027
        ],
        [
          -0.43127612761583034,
          0.3843155579312727,
          -0.8162735164641144,
          -3.3535706578205784
        ],
        [
          -0.11393015001296507,
          0.8742980626136179,
          0.4718292262086363,
          2.5113331870720366
        ],
        [
          0.0,
          0.0,
          0.0,
          1.0
        ]
      ]
    },
    {
      "file_path": "./images/0001.jpg",
      "sharpness": 160.69939645272726,
      "transform_matrix": [
        [
          0.911940089896463,
          0.2892383669087396,
          -0.29104370741199076,
          -0.8244625832136923
        ],
        [
          -0.3915972511609374,
          0.40165875559341113,
          -0.8278416738352646,
          -3.367075824710856
        ],
        [
          -0.12254332045671629,
          0.8689139262475937,
          0.47955367109529795,
          2.5266943230146315
        ],
        [
          0.0,
          0.0,
          0.0,
          1.0
        ]
      ]
    },
    {
      "file_path": "./images/0003.jpg",
      "sharpness": 188.12670803292156,
      "transform_matrix": [
        [
          0.9072757344568902,
          0.29152606362421585,
          -0.30308958406715353,
          -0.7669533767168426
        ],
        [
          -0.40309139614006123,
          0.3974258988174469,
          -0.8243603467580323,
          -3.2614887518027817
        ],
        [
          -0.11986687652816796,
          0.87009494265917,
          0.4780865222392904,
          2.49186761472213
        ],
        [
          0.0,
          0.0,
          0.0,
          1.0
        ]
      ]
    },
    {
      "file_path": "./images/0013.jpg",
      "sharpness": 76.47108651533837,
      "transform_matrix": [
        [
          0.7787078041596314,
          0.3387153046268359,
          -0.5280966750784888,
          -2.4187713012235252
        ],
        [
          -0.6221002164913696,
          0.307826166725763,
          -0.7198849711727119,
          -4.46495766685563
        ],
        [
          -0.081274082157014,
          0.8891091010441228,
          0.45042150269119025,
          2.855797456930292
        ],
        [
          0.0,
          0.0,
          0.0,
          1.0
        ]
      ]
    },
    {
      "file_path": "./images/0002.jpg",
      "sharpness": 214.01471850496523,
      "transform_matrix": [
        [
          0.9121968699178519,
          0.28919414604609844,
          -0.2902819603097334,
          -0.7880965523625516
        ],
        [
          -0.3909985548584415,
          0.4024727976551001,
          -0.8277292898323158,
          -3.292558378671728
        ],
        [
          -0.12254387245573464,
          0.8685518943069462,
          0.48020891942560884,
          2.5031580031047334
        ],
        [
          0.0,
          0.0,
          0.0,
          1.0
        ]
      ]
    },
    {
      "file_path": "./images/0017.jpg",
      "sharpness": 41.78017870556029,
      "transform_matrix": [
        [
          0.8663178916677989,
          0.2537253375127416,
          -0.4302519770516171,
          -1.0044660085431907
        ],
        [
          -0.4927039261501651,
          0.2925414917646922,
          -0.8195500697043004,
          -3.850378429514217
        ],
        [
          -0.08207406284292636,
          0.9219777268296299,
          0.37844539832724466,
          2.434308451911771
        ],
        [
          0.0,
          0.0,
          0.0,
          1.0
        ]
      ]
    },
    {
      "file_path": "./images/0014.jpg",
      "sharpness": 88.0031158254176,
      "transform_matrix": [
        [
          0.7999010656569328,
          0.33931469739905423,
          -0.49499880945959057,
          -2.138109449226419
        ],
        [
          -0.593127424554211,
          0.32133469525856617,
          -0.7382031372629054,
          -4.439242173526759
        ],
        [
          -0.09142288254834427,
          0.8840868451800565,
          0.45829281775156533,
          2.80892754404481
        ],
        [
          0.0,
          0.0,
          0.0,
          1.0
        ]
      ]
    },
    {
      "file_path": "./images/0019.jpg",
      "sharpness": 61.42407332105573,
      "transform_matrix": [
        [
          0.9031867280118265,
          0.20764110210343933,
          -0.3756845846412643,
          -0.7303063777539669
        ],
        [
          -0.4215617676427224,
          0.26419436057586543,
          -0.8674600947028486,
          -3.6827925308106266
        ],
        [
          -0.08086662147734491,
          0.9418527021929893,
          0.32615039012570185,
          1.869840414412868
        ],
        [
          0.0,
          0.0,
          0.0,
          1.0
        ]
      ]
    },
    {
      "file_path": "./images/0018.jpg",
      "sharpness": 60.93258138843544,
      "transform_matrix": [
        [
          0.8916610057499619,
          0.22712205870923244,
          -0.39160722841792167,
          -0.8119723156175335
        ],
        [
          -0.4452919927227479,
          0.28413315536821,
          -0.8491074085400097,
          -3.7394560616245833
        ],
        [
          -0.08158242521748477,
          0.9314955289953779,
          0.3544860891964556,
          2.1420740092933634
        ],
        [
          0.0,
          0.0,
          0.0,
          1.0
        ]
      ]
    },
    {
      "file_path": "./images/0015.jpg",
      "sharpness": 109.19360576669659,
      "transform_matrix": [
        [
          0.8177942937087113,
          0.3276971572763639,
          -0.47310365287850015,
          -1.757129817417965
        ],
        [
          -0.5679959553244489,
          0.3271627752367012,
          -0.7552119657649162,
          -4.208451311788483
        ],
        [
          -0.09269891027190673,
          0.8863289974272973,
          0.45368251060677456,
          2.7728072312966616
        ],
        [
          0.0,
          0.0,
          0.0,
          1.0
        ]
      ]
    },
    {
      "file_path": "./images/0020.jpg",
      "sharpness": 58.811529704077415,
      "transform_matrix": [
        [
          0.9069993171729571,
          0.20151840476683228,
          -0.36978719726964715,
          -0.8236503101412118
        ],
        [
          -0.41190455742879445,
          0.24169796811437602,
          -0.878587916931933,
          -3.5551893513894948
        ],
        [
          -0.08767482125275369,
          0.9491956725678627,
          0.30222624137106907,
          1.4002278778850934
        ],
        [
          0.0,
          0.0,
          0.0,
          1.0
        ]
      ]
    },
    {
      "file_path": "./images/0021.jpg",
      "sharpness": 46.977477334020946,
      "transform_matrix": [
        [
          0.8992906664951933,
          0.19274836302055864,
          -0.3925867621100407,
          -1.0320027540873418
        ],
        [
          -0.42836728416142067,
          0.20718166483887354,
          -0.8795323914528579,
          -3.4127870293589266
        ],
        [
          -0.08819164970843452,
          0.9591265955965563,
          0.26888363025221096,
          1.06612555868302
        ],
        [
          0.0,
          0.0,
          0.0,
          1.0
        ]
      ]
    },
    {
      "file_path": "./images/0022.jpg",
      "sharpness": 34.84821110143255,
      "transform_matrix": [
        [
          0.9022318753649634,
          0.18491092264730685,
          -0.38959670665659213,
          -1.2539417244529016
        ],
        [
          -0.42050420541856365,
          0.17678903476448274,
          -0.889899910333947,
          -3.2681673869162227
        ],
        [
          -0.0956757877663655,
          0.9667231185540298,
          0.2372605229805404,
          0.8698077466908165
        ],
        [
          0.0,
          0.0,
          0.0,
          1.0
        ]
      ]
    },
    {
      "file_path": "./images/0016.jpg",
      "sharpness": 155.8576214938266,
      "transform_matrix": [
        [
          0.84130467392336,
          0.3009024928491799,
          -0.44907030129855896,
          -1.4272927225048226
        ],
        [
          -0.5330188534286281,
          0.32348489899498617,
          -0.7818237793850079,
          -4.019618431706842
        ],
        [
          -0.08998526312850377,
          0.8971149368880392,
          0.43253605920039373,
          2.6948175127683136
        ],
        [
          0.0,
          0.0,
          0.0,
          1.0
        ]
      ]
    },
    {
      "file_path": "./images/0023.jpg",
      "sharpness": 72.96047982102911,
      "transform_matrix": [
        [
          0.9011070635210106,
          0.18007206471610449,
          -0.3944364481864476,
          -1.3686088318282579
        ],
        [
          -0.4225817196113591,
          0.16098074867876183,
          -0.891913610617729,
          -3.2121147269396766
        ],
        [
          -0.09711205067708421,
          0.9703912871301901,
          0.22115605248703243,
          0.671174405935925
        ],
        [
          0.0,
          0.0,
          0.0,
          1.0
        ]
      ]
    },
    {
      "file_path": "./images/0026.jpg",
      "sharpness": 41.486222926511736,
      "transform_matrix": [
        [
          0.8764840852747107,
          0.2109954912051357,
          -0.43273149992550486,
          -1.4865932360753629
        ],
        [
          -0.46324318234085926,
          0.12489659297318084,
          -0.8773862291365343,
          -3.2605504085317385
        ],
        [
          -0.13107784838041497,
          0.9694749836019875,
          0.20721209885146621,
          0.6234519563176861
        ],
        [
          0.0,
          0.0,
          0.0,
          1.0
        ]
      ]
    },
    {
      "file_path": "./images/0028.jpg",
      "sharpness": 44.13912059081674,
      "transform_matrix": [
        [
          0.8518206089738958,
          0.2468068778841339,
          -0.4620476330779627,
          -1.7452988391961515
        ],
        [
          -0.4982636957675044,
          0.10953481363254094,
          -0.8600787255144814,
          -3.096655266271962
        ],
        [
          -0.16166304360024283,
          0.9628543450112916,
          0.21627891876770103,
          0.670837367989226
        ],
        [
          0.0,
          0.0,
          0.0,
          1.0
        ]
      ]
    },
    {
      "file_path": "./images/0025.jpg",
      "sharpness": 78.72240046580583,
      "transform_matrix": [
        [
          0.8890315119784232,
          0.1865221340769399,
          -0.41812972183912367,
          -1.4048380639150475
        ],
        [
          -0.4431028422486696,
          0.12063159178161394,
          -0.8883174490323866,
          -3.2576417573153913
        ],
        [
          -0.11525121241464725,
          0.9750166730056401,
          0.18989377418575185,
          0.6296959712226725
        ],
        [
          0.0,
          0.0,
          0.0,
          1.0
        ]
      ]
    },
    {
      "file_path": "./images/0029.jpg",
      "sharpness": 35.685439813173836,
      "transform_matrix": [
        [
          0.8582143751632569,
          0.2514460167980686,
          -0.44748518073344656,
          -1.8847411793994335
        ],
        [
          -0.48437071598692694,
          0.10822507992235288,
          -0.8681430421135297,
          -3.0176565700492017
        ],
        [
          -0.16986199050145903,
          0.9618015558251918,
          0.2146734065310972,
          0.5548192193644111
        ],
        [
          0.0,
          0.0,
          0.0,
          1.0
        ]
      ]
    },
    {
      "file_path": "./images/0027.jpg",
      "sharpness": 58.59080097877267,
      "transform_matrix": [
        [
          0.8652725301744053,
          0.23207284773092954,
          -0.4443485590706466,
          -1.6308556436540786
        ],
        [
          -0.4784289241217688,
          0.1176022264736796,
          -0.8702157668602327,
          -3.1711419437816755
        ],
        [
          -0.1496970712785295,
          0.9655630014400418,
          0.21278833891280788,
          0.6585086300795299
        ],
        [
          0.0,
          0.0,
          0.0,
          1.0
        ]
      ]
    },
    {
      "file_path": "./images/0030.jpg",
      "sharpness": 30.165289064583796,
      "transform_matrix": [
        [
          0.8748226322411613,
          0.24286094853332252,
          -0.4191705164639574,
          -1.9650461673087949
        ],
        [
          -0.4558210307390281,
          0.11964419089118154,
          -0.8819934554870728,
          -2.969845639369933
        ],
        [
          -0.16405044991200438,
          0.9626545732186904,
          0.2153685738945046,
          0.4611103021904152
        ],
        [
          0.0,
          0.0,
          0.0,
          1.0
        ]
      ]
    },
    {
      "file_path": "./images/0033.jpg",
      "sharpness": 16.814870097484118,
      "transform_matrix": [
        [
          0.921104402437302,
          0.24766226336476435,
          -0.3003832272151407,
          -1.3481399091400676
        ],
        [
          -0.3694788785829122,
          0.31295476971361835,
          -0.8749540961642684,
          -3.296406908458881
        ],
        [
          -0.12268674809736671,
          0.9169093278440248,
          0.3797699914822851,
          0.6939801948090206
        ],
        [
          0.0,
          0.0,
          0.0,
          1.0
        ]
      ]
    },
    {
      "file_path": "./images/0032.jpg",
      "sharpness": 28.572572085448982,
      "transform_matrix": [
        [
          0.9107522976550018,
          0.23075566735401876,
          -0.34246470530064277,
          -1.5763742286944395
        ],
        [
          -0.3910507742319735,
          0.21543583067587785,
          -0.8947998071264825,
          -3.1631106423636344
        ],
        [
          -0.13270095837810536,
          0.9488620684366379,
          0.2864458601624748,
          0.5216147392277263
        ],
        [
          0.0,
          0.0,
          0.0,
          1.0
        ]
      ]
    },
    {
      "file_path": "./images/0031.jpg",
      "sharpness": 27.29682194411455,
      "transform_matrix": [
        [
          0.8960711163590379,
          0.23256831815086007,
          -0.3781117981445015,
          -1.8167734950302854
        ],
        [
          -0.41780836958756,
          0.15408130318988986,
          -0.8953742895068589,
          -3.028117596045297
        ],
        [
          -0.14997573401655395,
          0.9602973130621664,
          0.23523679518375165,
          0.4827820487457694
        ],
        [
          0.0,
          0.0,
          0.0,
          1.0
        ]
      ]
    },
    {
      "file_path": "./images/0034.jpg",
      "sharpness": 25.856904671751415,
      "transform_matrix": [
        [
          0.9238973445545227,
          0.27352084610754146,
          -0.2675818445751434,
          -1.111036622784085
        ],
        [
          -0.36302900301874064,
          0.4055707217076017,
          -0.83888159632979,
          -3.3487835044739995
        ],
        [
          -0.12092824219197694,
          0.872180449506782,
          0.47400171288197784,
          1.157994642094091
        ],
        [
          0.0,
          0.0,
          0.0,
          1.0
        ]
      ]
    },
    {
      "file_path": "./images/0024.jpg",
      "sharpness": 80.89831016848126,
      "transform_matrix": [
        [
          0.8964389573027194,
          0.17959168554150948,
          -0.405146914576543,
          -1.4014255870362944
        ],
        [
          -0.43114893436098206,
          0.1419640762489078,
          -0.8910425340320213,
          -3.2268933941892874
        ],
        [
          -0.10250752310303436,
          0.9734439005993551,
          0.2046928923283291,
          0.5765280087269908
        ],
        [
          0.0,
          0.0,
          0.0,
          1.0
        ]
      ]
    },
    {
      "file_path": "./images/0035.jpg",
      "sharpness": 25.541188582833055,
      "transform_matrix": [
        [
          0.9160319239568677,
          0.2965718660784269,
          -0.2700567396292109,
          -0.9620617571022035
        ],
        [
          -0.3854840098358055,
          0.4648556398873877,
          -0.7970641832536568,
          -3.2900349597962832
        ],
        [
          -0.11084941370557573,
          0.8342387921784086,
          0.5401463183086439,
          1.6265508449931643
        ],
        [
          0.0,
          0.0,
          0.0,
          1.0
        ]
      ]
    },
    {
      "file_path": "./images/0037.jpg",
      "sharpness": 53.19745143583021,
      "transform_matrix": [
        [
          0.9076695486737713,
          0.31587398327958727,
          -0.276332439597596,
          -1.0246703416598326
        ],
        [
          -0.4110577092142457,
          0.5362864104966084,
          -0.7371759936488856,
          -2.8635327471485295
        ],
        [
          -0.0846613853563954,
          0.7827007810509953,
          0.6166132801426198,
          2.085915849487833
        ],
        [
          0.0,
          0.0,
          0.0,
          1.0
        ]
      ]
    },
    {
      "file_path": "./images/0046.jpg",
      "sharpness": 34.995634152032395,
      "transform_matrix": [
        [
          0.887478197975692,
          -0.08658656500139685,
          0.4526424802817314,
          1.582414192557301
        ],
        [
          0.4366691182062802,
          0.4719672158111009,
          -0.7658766404614323,
          -2.2735176115237827
        ],
        [
          -0.14731778366403453,
          0.8773538134757162,
          0.45667029317931107,
          1.7133423397909098
        ],
        [
          0.0,
          0.0,
          0.0,
          1.0
        ]
      ]
    },
    {
      "file_path": "./images/0036.jpg",
      "sharpness": 69.12144124014058,
      "transform_matrix": [
        [
          0.9085524198531051,
          0.3159921650560572,
          -0.27327907362030557,
          -0.9864853338556424
        ],
        [
          -0.40620126558781117,
          0.5152983917817786,
          -0.754631101440959,
          -3.1016520764008737
        ],
        [
          -0.09763724841880796,
          0.7966282188738307,
          0.5965320181613517,
          1.8917148148881358
        ],
        [
          0.0,
          0.0,
          0.0,
          1.0
        ]
      ]
    },
    {
      "file_path": "./images/0043.jpg",
      "sharpness": 51.7316743813011,
      "transform_matrix": [
        [
          0.9922823917451221,
          0.07222614795060857,
          0.10079205653878073,
          0.7819076286984407
        ],
        [
          0.030085045897445373,
          0.6483288001090628,
          -0.760765835827631,
          -2.421042656707136
        ],
        [
          -0.1202935788905672,
          0.7579268767800859,
          0.6411523254333766,
          1.882151641229893
        ],
        [
          0.0,
          0.0,
          0.0,
          1.0
        ]
      ]
    },
    {
      "file_path": "./images/0038.jpg",
      "sharpness": 59.864313807217506,
      "transform_matrix": [
        [
          0.9233754313993493,
          0.2996947787617793,
          -0.23991842852835074,
          -0.9512569535505209
        ],
        [
          -0.37400506313082327,
          0.5613050358800649,
          -0.7382796688574121,
          -2.746259181508786
        ],
        [
          -0.08659113988914718,
          0.7714400147325758,
          0.6303826443031599,
          2.15098883080957
        ],
        [
          0.0,
          0.0,
          0.0,
          1.0
        ]
      ]
    },
    {
      "file_path": "./images/0039.jpg",
      "sharpness": 72.37691287326587,
      "transform_matrix": [
        [
          0.9430855123658908,
          0.2689030957678781,
          -0.19565490417706566,
          -0.6958988848513431
        ],
        [
          -0.32164282356998486,
          0.5881261752361586,
          -0.7420603048594077,
          -2.704408241543939
        ],
        [
          -0.08447254276329533,
          0.7627573186395502,
          0.6411440262978749,
          2.190454448280415
        ],
        [
          0.0,
          0.0,
          0.0,
          1.0
        ]
      ]
    },
    {
      "file_path": "./images/0045.jpg",
      "sharpness": 54.532329375841826,
      "transform_matrix": [
        [
          0.9370506816925847,
          -0.06733786027365933,
          0.3426392163628498,
          1.2644012844240022
        ],
        [
          0.322776316259962,
          0.5414173103106918,
          -0.7763264427788141,
          -2.194763447183419
        ],
        [
          -0.13323464139955057,
          0.8380530464856679,
          0.5290705261907594,
          1.787024641600145
        ],
        [
          0.0,
          0.0,
          0.0,
          1.0
        ]
      ]
    },
    {
      "file_path": "./images/0042.jpg",
      "sharpness": 40.55019482383824,
      "transform_matrix": [
        [
          0.9897219475024076,
          0.14299699145248707,
          -0.0015254979837634362,
          0.27498683349909064
        ],
        [
          -0.09575490498141707,
          0.6547478841225857,
          -0.7497574317130967,
          -2.5011563928404965
        ],
        [
          -0.10621424047701386,
          0.7421974593839747,
          0.6617110143260478,
          1.9710339859344967
        ],
        [
          0.0,
          0.0,
          0.0,
          1.0
        ]
      ]
    },
    {
      "file_path": "./images/0041.jpg",
      "sharpness": 67.08233967942301,
      "transform_matrix": [
        [
          0.9783872636963262,
          0.19412763753916143,
          -0.07122375065102839,
          -0.19623294227078708
        ],
        [
          -0.18176575753308594,
          0.6431802968479776,
          -0.7438281489262111,
          -2.6300347438419194
        ],
        [
          -0.09858788819981795,
          0.7406980262796508,
          0.6645651677918976,
          2.084056991279311
        ],
        [
          0.0,
          0.0,
          0.0,
          1.0
        ]
      ]
    },
    {
      "file_path": "./images/0044.jpg",
      "sharpness": 51.87107312262057,
      "transform_matrix": [
        [
          0.9764961762785727,
          -0.008592314882713543,
          0.21536339037729615,
          1.068485934693395
        ],
        [
          0.17604854597222075,
          0.608260200172013,
          -0.7739679827665948,
          -2.327479798815235
        ],
        [
          -0.12434680232354801,
          0.7936911874651907,
          0.5954764241920472,
          1.8171556854645323
        ],
        [
          0.0,
          0.0,
          0.0,
          1.0
        ]
      ]
    },
    {
      "file_path": "./images/0047.jpg",
      "sharpness": 58.33820830319157,
      "transform_matrix": [
        [
          0.8534568031545641,
          -0.06401443613282021,
          0.5172172050428222,
          1.849896244765261
        ],
        [
          0.49554939104615253,
          0.40697905602151035,
          -0.7673322937252479,
          -2.4564836774325016
        ],
        [
          -0.16137622575708646,
          0.9111916373575728,
          0.3790613589467625,
          1.7133667974482407
        ],
        [
          0.0,
          0.0,
          0.0,
          1.0
        ]
      ]
    },
    {
      "file_path": "./images/0040.jpg",
      "sharpness": 122.26677970308299,
      "transform_matrix": [
        [
          0.9638586355913636,
          0.2347068337563001,
          -0.12605250041378613,
          -0.47992201810857604
        ],
        [
          -0.2485565439598332,
          0.6219167023519998,
          -0.7425895634806484,
          -2.702752390085327
        ],
        [
          -0.09589668984444998,
          0.7470825373211905,
          0.6577777036227,
          2.1839979721363387
        ],
        [
          0.0,
          0.0,
          0.0,
          1.0
        ]
      ]
    },
    {
      "file_path": "./images/0048.jpg",
      "sharpness": 116.59156151107966,
      "transform_matrix": [
        [
          0.832822833437544,
          -0.026197596870096415,
          0.5529193558737227,
          1.9363064774677383
        ],
        [
          0.5225019732909011,
          0.36698457061433065,
          -0.7696193947907966,
          -2.77858634984197
        ],
        [
          -0.18275069375153355,
          0.9298580595529133,
          0.31932142598699265,
          1.7202878047571728
        ],
        [
          0.0,
          0.0,
          0.0,
          1.0
        ]
      ]
    },
    {
      "file_path": "./images/0058.jpg",
      "sharpness": 66.29202931503389,
      "transform_matrix": [
        [
          0.7106388558138738,
          -0.021788623017060568,
          0.7032195052692217,
          3.592423386792334
        ],
        [
          0.6853619771448223,
          0.24728188061208656,
          -0.6849311146422774,
          -4.189496545101725
        ],
        [
          -0.15896973589647864,
          0.9686985741188268,
          0.1906612064519119,
          1.5135940978878968
        ],
        [
          0.0,
          0.0,
          0.0,
          1.0
        ]
      ]
    },
    {
      "file_path": "./images/0057.jpg",
      "sharpness": 193.9909866785587,
      "transform_matrix": [
        [
          0.7040298780029397,
          -0.02500401288799631,
          0.7097300404345184,
          3.4973709647600373
        ],
        [
          0.691177119358464,
          0.2537082783758391,
          -0.6766877412506641,
          -3.946997977581501
        ],
        [
          -0.16314447766687587,
          0.9669575527884865,
          0.19590040987360494,
          1.5164274810546445
        ],
        [
          0.0,
          0.0,
          0.0,
          1.0
        ]
      ]
    },
    {
      "file_path": "./images/0054.jpg",
      "sharpness": 154.55038512054958,
      "transform_matrix": [
        [
          0.7563332613603568,
          -0.015610838214162646,
          0.6540002290265482,
          3.066011742303501
        ],
        [
          0.6300715563692508,
          0.28631608635280337,
          -0.7218261096344928,
          -3.5693386359990984
        ],
        [
          -0.17598247543245574,
          0.9580080378035182,
          0.22638632450097557,
          1.5736417522032313
        ],
        [
          0.0,
          0.0,
          0.0,
          1.0
        ]
      ]
    },
    {
      "file_path": "./images/0055.jpg",
      "sharpness": 221.47771059982034,
      "transform_matrix": [
        [
          0.7338946541549315,
          -0.022879509166232905,
          0.6788778717410417,
          3.16695457336027
        ],
        [
          0.6586106004250867,
          0.26854268286252003,
          -0.7029344951620524,
          -3.7610251594059596
        ],
        [
          -0.16622488878801586,
          0.9629960309431983,
          0.21215072663463047,
          1.5715815227210648
        ],
        [
          0.0,
          0.0,
          0.0,
          1.0
        ]
      ]
    },
    {
      "file_path": "./images/0049.jpg",
      "sharpness": 166.33364744432632,
      "transform_matrix": [
        [
          0.8292606810313217,
          0.011122143274731901,
          0.558751305055268,
          2.1097078409075216
        ],
        [
          0.5225497329682699,
          0.33908136420673823,
          -0.7822823051958351,
          -3.0535341575677175
        ],
        [
          -0.19816281065011118,
          0.9406913024177531,
          0.2753749700088635,
          1.7356764302473584
        ],
        [
          0.0,
          0.0,
          0.0,
          1.0
        ]
      ]
    },
    {
      "file_path": "./images/0052.jpg",
      "sharpness": 145.07006892807613,
      "transform_matrix": [
        [
          0.8163104229694496,
          0.007037784846773952,
          0.5775705697249548,
          2.5209426121976612
        ],
        [
          0.5423551487863849,
          0.33466544506689266,
          -0.7706165923876148,
          -3.523470398413599
        ],
        [
          -0.19871634555111897,
          0.9423107287570247,
          0.2693739121681158,
          1.6475698952402436
        ],
        [
          0.0,
          0.0,
          0.0,
          1.0
        ]
      ]
    },
    {
      "file_path": "./images/0056.jpg",
      "sharpness": 144.7019027014173,
      "transform_matrix": [
        [
          0.7154391479086231,
          -0.024864886701990305,
          0.6982324563679353,
          3.327254494574122
        ],
        [
          0.6792138883093106,
          0.2589814926484212,
          -0.6867292628054853,
          -3.8593003026567754
        ],
        [
          -0.16375383845114183,
          0.9655621802588997,
          0.2021740748037196,
          1.555911405620418
        ],
        [
          0.0,
          0.0,
          0.0,
          1.0
        ]
      ]
    },
    {
      "file_path": "./images/0053.jpg",
      "sharpness": 145.0572795772848,
      "transform_matrix": [
        [
          0.7773165823040517,
          -0.00013804035844490543,
          0.6291096183468571,
          2.8449685272026732
        ],
        [
          0.5994328293154877,
          0.3036755198810943,
          -0.7405818400175631,
          -3.499441802429275
        ],
        [
          -0.19094296023102475,
          0.9527755032741413,
          0.2361347631660009,
          1.5980986657949503
        ],
        [
          0.0,
          0.0,
          0.0,
          1.0
        ]
      ]
    },
    {
      "file_path": "./images/0050.jpg",
      "sharpness": 209.88280306257138,
      "transform_matrix": [
        [
          0.8274975769396669,
          0.026306500220408775,
          0.5608526796598676,
          2.3482341034306646
        ],
        [
          0.5213059636472186,
          0.33500851447053903,
          -0.784862655181217,
          -3.2860776104944844
        ],
        [
          -0.20853741266118872,
          0.9418477920271024,
          0.2635049985309425,
          1.6905317490011298
        ],
        [
          0.0,
          0.0,
          0.0,
          1.0
        ]
      ]
    },
    {
      "file_path": "./images/0051.jpg",
      "sharpness": 219.32887957760863,
      "transform_matrix": [
        [
          0.8240090479198039,
          0.02765574154703951,
          0.5659012714089815,
          2.4171437815542003
        ],
        [
          0.5268987279547227,
          0.32979486060941454,
          -0.7833345903222546,
          -3.4923927826750827
        ],
        [
          -0.20829502989782384,
          0.9436474500274434,
          0.2571821740578283,
          1.688797516251215
        ],
        [
          0.0,
          0.0,
          0.0,
          1.0
        ]
      ]
    },
    {
      "file_path": "./images/0059.jpg",
      "sharpness": 150.85508391062228,
      "transform_matrix": [
        [
          0.7205430581331282,
          -0.02068305254683099,
          0.6931016612229584,
          3.670333218488236
        ],
        [
          0.6749198481543426,
          0.2502089237701982,
          -0.6941748288674119,
          -4.362357897820536
        ],
        [
          -0.15906256625578066,
          0.9679709220192878,
          0.19424570578985312,
          1.5017133747610063
        ],
        [
          0.0,
          0.0,
          0.0,
          1.0
        ]
      ]
    },
    {
      "file_path": "./images/0061.jpg",
      "sharpness": 74.90301502858023,
      "transform_matrix": [
        [
          0.7649375041539002,
          -0.024834554400822856,
          0.643625558630975,
          3.663965022739578
        ],
        [
          0.6242276366108899,
          0.2749097973301396,
          -0.7312759130609371,
          -4.771496271668484
        ],
        [
          -0.15877806043481596,
          0.9611492331112751,
          0.22579122943708188,
          1.490897683188651
        ],
        [
          0.0,
          0.0,
          0.0,
          1.0
        ]
      ]
    },
    {
      "file_path": "./images/0060.jpg",
      "sharpness": 210.89804971582416,
      "transform_matrix": [
        [
          0.7365869567066659,
          -0.021484128559593016,
          0.676001544011674,
          3.7060813013306415
        ],
        [
          0.6568637739785841,
          0.26087185713023336,
          -0.7074431825892856,
          -4.438048477136853
        ],
        [
          -0.16115097792587485,
          0.9651343463211783,
          0.2062669531002702,
          1.4823446286434467
        ],
        [
          0.0,
          0.0,
          0.0,
          1.0
        ]
      ]
    },
    {
      "file_path": "./images/0063.jpg",
      "sharpness": 63.03113795444815,
      "transform_matrix": [
        [
          0.7855261920521048,
          -0.028746053337675742,
          0.618160388648567,
          3.8352155607610774
        ],
        [
          0.5960858527300295,
          0.303468601190073,
          -0.743362942489654,
          -5.160209269098741
        ],
        [
          -0.16622351766023322,
          0.9524077239180532,
          0.2555176504166285,
          1.4628239864485624
        ],
        [
          0.0,
          0.0,
          0.0,
          1.0
        ]
      ]
    },
    {
      "file_path": "./images/0068.jpg",
      "sharpness": 56.436633853354536,
      "transform_matrix": [
        [
          0.820696631745762,
          -0.06831873787208781,
          0.5672650075346147,
          3.7247846149354684
        ],
        [
          0.5521819075420594,
