{
  "camera_angle_x": 0.6331360839623885,
  "camera_angle_y": 1.0495523073213913,
  "fl_x": 1098.951869261666,
  "fl_y": 1105.5045616731322,
  "k1": 0.16454916827220345,
  "k2": -0.29832005088118846,
  "k3": 0,
  "k4": 0,
  "p1": -2.933246970019074e-05,
  "p2": 0.0006433615157419996,
  "is_fisheye": false,
  "cx": 361.05905656412835,
  "cy": 646.8659854224704,
  "w": 720.0,
  "h": 1280.0,
  "aabb_scale": 32,
  "frames": [
    {
      "file_path": "./images/0011.jpg",
      "sharpness": 59.2830249779018,
      "transform_matrix": [
        [
          0.17797312291436995,
          -0.2957045545310575,
          0.9385544118444334,
          3.9695907739520546
        ],
        [
          0.9823216966503814,
          -0.002875857806078627,
          -0.18717856109116662,
          -0.09698821456153332
        ],
        [
          0.05804870205696016,
          0.9552751153017376,
          0.2899651743193883,
          1.0244211937684111
        ],
        [
          0.0,
          0.0,
          0.0,
          1.0
        ]
      ]
    },
    {
      "file_path": "./images/0002.jpg",
      "sharpness": 68.86142765468549,
      "transform_matrix": [
        [
          -0.13927612727281133,
          -0.2849101800624729,
          0.9483819640374928,
          5.272585151987964
        ],
        [
          0.9892523381987763,
          -0.08308777002281253,
          0.12031722171515664,
          1.9336139915949189
        ],
        [
          0.044519341218248694,
          0.9549463921143486,
          0.2934202046359471,
          1.121951552378906
        ],
        [
          0.0,
          0.0,
          0.0,
          1.0
        ]
      ]
    },
    {
      "file_path": "./images/0007.jpg",
      "sharpness": 70.3571684150931,
      "transform_matrix": [
        [
          0.040032833288030534,
          -0.27633403798161604,
          0.9602275104133721,
          4.7684253880718686
        ],
        [
          0.9957590259829322,
          -0.06863316524825494,
          -0.06126541277011127,
          0.5989066043568412
        ],
        [
          0.0828331722974967,
          0.9586078385469835,
          0.27241453244409136,
          0.9245181659917923
        ],
        [
          0.0,
          0.0,
          0.0,
          1.0
        ]
      ]
    },
    {
      "file_path": "./images/0009.jpg",
      "sharpness": 82.7439331329899,
      "transform_matrix": [
        [
          0.09729281632983668,
          -0.2879274517190885,
          0.9526971661971688,
          4.442434464418904
        ],
        [
          0.992391159017767,
          -0.04450973223474077,
          -0.11479839389176678,
          0.21691347193417257
        ],
        [
          0.07545790478293289,
          0.9566173040072222,
          0.2814061803213336,
          0.9049871998749144
        ],
        [
          0.0,
          0.0,
          0.0,
          1.0
        ]
      ]
    },
    {
      "file_path": "./images/0004.jpg",
      "sharpness": 94.19671544434227,
      "transform_matrix": [
        [
          -0.04144499426807231,
          -0.2732745022557999,
          0.9610428496742064,
          5.061036211339679
        ],
        [
          0.9968590871096096,
          -0.07627762392156502,
          0.02129987174234406,
          1.3246013886355539
        ],
        [
          0.06748535321145682,
          0.9589070708617193,
          0.27557749653526115,
          1.0842668516556346
        ],
        [
          0.0,
          0.0,
          0.0,
          1.0
        ]
      ]
    },
    {
      "file_path": "./images/0012.jpg",
      "sharpness": 63.54478046484936,
      "transform_matrix": [
        [
          0.21237245909627755,
          -0.30440396413214404,
          0.9285667263481884,
          3.77857262060666
        ],
        [
          0.9753122914978638,
          0.007168253872229704,
          -0.22071372904731884,
          -0.39198320896420646
        ],
        [
          0.060529932028622745,
          0.95251605907741,
          0.29841126750102687,
          0.9579702048885356
        ],
        [
          0.0,
          0.0,
          0.0,
          1.0
        ]
      ]
    },
    {
      "file_path": "./images/0006.jpg",
      "sharpness": 100.9880080707644,
      "transform_matrix": [
        [
          0.023294686010156482,
          -0.27098587893861736,
          0.9623014138317102,
          4.823788694817111
        ],
        [
          0.9964642368082599,
          -0.07142947706234958,
          -0.04423634895756802,
          0.9585717785537573
        ],
        [
          0.08072411266966067,
          0.9599294157725267,
          0.26836380980234786,
          0.9831729037076352
        ],
        [
          0.0,
          0.0,
          0.0,
          1.0
        ]
      ]
    },
    {
      "file_path": "./images/0010.jpg",
      "sharpness": 55.6136468074363,
      "transform_matrix": [
        [
          0.14012169075669706,
          -0.29530912847553925,
          0.9450705954908646,
          4.244049454148781
        ],
        [
          0.9879231065399415,
          -0.02205587394827739,
          -0.15336712160438157,
          0.038220037651407884
        ],
        [
          0.06613506894416192,
          0.9551471389825812,
          0.2886522052444083,
          0.9333359980917302
        ],
        [
          0.0,
          0.0,
          0.0,
          1.0
        ]
      ]
    },
    {
      "file_path": "./images/0008.jpg",
      "sharpness": 79.52907839159435,
      "transform_matrix": [
        [
          0.06526784324890354,
          -0.2828255799972403,
          0.9569481699547872,
          4.656747086296417
        ],
        [
          0.9944124604761625,
          -0.061302548620018445,
          -0.08594100291943858,
          0.4162451260285631
        ],
        [
          0.08296967571172574,
          0.9572103681401004,
          0.2772441957565639,
          0.9005411214697835
        ],
        [
          0.0,
          0.0,
          0.0,
          1.0
        ]
      ]
    },
    {
      "file_path": "./images/0003.jpg",
      "sharpness": 123.20125395781784,
      "transform_matrix": [
        [
          -0.09067723123628077,
          -0.28194448223098867,
          0.9551360891086551,
          5.186745354535906
        ],
        [
          0.9942839364178724,
          -0.07991381457808025,
          0.0708042090650333,
          1.6052898683201056
        ],
        [
          0.056365712257246334,
          0.9560968001316174,
          0.2875792330873961,
          1.0881917008468494
        ],
        [
          0.0,
          0.0,
          0.0,
          1.0
        ]
      ]
    },
    {
      "file_path": "./images/0001.jpg",
      "sharpness": 128.9285971389582,
      "transform_matrix": [
        [
          -0.18669275263910967,
          -0.2859805979646799,
          0.9398728178550283,
          5.334099218527969
        ],
        [
          0.9818575975899139,
          -0.08663437915711876,
          0.16867170006668916,
          2.0326750601866697
        ],
        [
          0.03318846441673121,
          0.9543110509569698,
          0.2969662335929505,
          1.1457230664404652
        ],
        [
          0.0,
          0.0,
          0.0,
          1.0
        ]
      ]
    },
    {
      "file_path": "./images/0005.jpg",
      "sharpness": 110.58897401753059,
      "transform_matrix": [
        [
          -0.006864776806397439,
          -0.27022855280450164,
          0.9627717300230301,
          4.852713671354317
        ],
        [
          0.9972203816869832,
          -0.07328287689543585,
          -0.013458465824892775,
          1.1764480831399675
        ],
        [
          0.07419154391251312,
          0.9600032027269589,
          0.2699804911640442,
          1.0305079256584968
        ],
        [
          0.0,
          0.0,
          0.0,
          1.0
        ]
      ]
    },
    {
      "file_path": "./images/0013.jpg",
      "sharpness": 51.26074087964165,
      "transform_matrix": [
        [
          0.24948627595594572,
          -0.31103126784000484,
          0.9170693259391179,
          3.5319226448546543
        ],
        [
          0.9654843195814108,
          0.006732207397119655,
          -0.26037416543571745,
          -0.7420455230830345
        ],
        [
          0.07481060588849552,
          0.9503758350530068,
          0.3019754053515212,
          0.9579361369664326
        ],
        [
          0.0,
          0.0,
          0.0,
          1.0
        ]
      ]
    },
    {
      "file_path": "./images/0015.jpg",
      "sharpness": 25.238870442612974,
      "transform_matrix": [
        [
          0.3597637525025773,
          -0.30441308549072743,
          0.8819879340502536,
          3.089055246696798
        ],
        [
          0.9262036622188516,
          0.002267561637367736,
          -0.3770167559366192,
          -1.3983125707864044
        ],
        [
          0.11276887195249724,
          0.9525374174222903,
          0.28276430109254247,
          0.8936456723311468
        ],
        [
          0.0,
          0.0,
          0.0,
          1.0
        ]
      ]
    },
    {
      "file_path": "./images/0017.jpg",
      "sharpness": 28.42700955087049,
      "transform_matrix": [
        [
          0.4893206030630568,
          -0.27214895143972595,
          0.8285531338974098,
          3.024972999917909
        ],
        [
          0.8630749264247319,
          0.014759719474828929,
          -0.5048602005093411,
          -1.8656992854778147
        ],
        [
          0.12516796236595085,
          0.9621419328532549,
          0.24210717107487426,
          0.7609387966729065
        ],
        [
          0.0,
          0.0,
          0.0,
          1.0
        ]
      ]
    },
    {
      "file_path": "./images/0014.jpg",
      "sharpness": 48.34897784589129,
      "transform_matrix": [
        [
          0.2971562037127757,
          -0.31598210162877827,
          0.9010291349830076,
          3.1657958663654946
        ],
        [
          0.950054336103607,
          0.0035949370364893006,
          -0.312063831417232,
          -1.14530941392597
        ],
        [
          0.0953674422852394,
          0.9487583401062967,
          0.30126842362590106,
          0.8708611275552015
        ],
        [
          0.0,
          0.0,
          0.0,
          1.0
        ]
      ]
    },
    {
      "file_path": "./images/0019.jpg",
      "sharpness": 29.356222961802533,
      "transform_matrix": [
        [
          0.6205461324375262,
          -0.2558116468311935,
          0.7412711372401435,
          2.7654519378339164
        ],
        [
          0.7754042632635946,
          0.05922555820706074,
          -0.628681606036051,
          -2.457269044971861
        ],
        [
          0.11692188008673163,
          0.9649107392105444,
          0.23510963263223364,
          0.7513663968525955
        ],
        [
          0.0,
          0.0,
          0.0,
          1.0
        ]
      ]
    },
    {
      "file_path": "./images/0016.jpg",
      "sharpness": 69.78815681728315,
      "transform_matrix": [
        [
          0.4244826404851176,
          -0.2901133473317435,
          0.8576996756847403,
          3.0850531449718344
        ],
        [
          0.8969923981940668,
          0.005674537014326816,
          -0.44200954425452577,
          -1.5855611885294247
        ],
        [
          0.12336581987940971,
          0.9569754674875133,
          0.2626382096265809,
          0.8373798357287061
        ],
        [
          0.0,
          0.0,
          0.0,
          1.0
        ]
      ]
    },
    {
      "file_path": "./images/0021.jpg",
      "sharpness": 71.06587998320848,
      "transform_matrix": [
        [
          0.7043226752146107,
          -0.2513643352132343,
          0.6638866922934197,
          1.9736309594797605
        ],
        [
          0.7015668361205425,
          0.10377109842545625,
          -0.7050074705900286,
          -2.8391036207963927
        ],
        [
          0.10832148287589533,
          0.9623136339870818,
          0.24943721902206847,
          0.7290776589742843
        ],
        [
          0.0,
          0.0,
          0.0,
          1.0
        ]
      ]
    },
    {
      "file_path": "./images/0022.jpg",
      "sharpness": 56.91049293221251,
      "transform_matrix": [
        [
          0.7416050713330902,
          -0.2591430223443226,
          0.618762322856076,
          1.8998787756658182
        ],
        [
          0.6604140446232106,
          0.12006888818834034,
          -0.7412400095475093,
          -2.8335922524578576
        ],
        [
          0.11779307219851229,
          0.9583466784532553,
          0.26018538791209617,
          0.6440558583174255
        ],
        [
          0.0,
          0.0,
          0.0,
          1.0
        ]
      ]
    },
    {
      "file_path": "./images/0020.jpg",
      "sharpness": 50.28158054325319,
      "transform_matrix": [
        [
          0.6610784272018093,
          -0.2504137039080247,
          0.7072964654417562,
          2.4987519726650995
        ],
        [
          0.7426940791560308,
          0.08436043692202669,
          -0.664295733442015,
          -2.6904100321964486
        ],
        [
          0.1066809162434412,
          0.9644564757523001,
          0.24174964019049222,
          0.7527439990259533
        ],
        [
          0.0,
          0.0,
          0.0,
          1.0
        ]
      ]
    },
    {
      "file_path": "./images/0023.jpg",
      "sharpness": 61.98445009217322,
      "transform_matrix": [
        [
          0.7721103934197879,
          -0.26260721774694684,
          0.5786907547242334,
          1.7950656693623814
        ],
        [
          0.6224045929679007,
          0.12866355755723227,
          -0.7720480630178038,
          -2.9828024773093733
        ],
        [
          0.1282889825677254,
          0.9562861173240856,
          0.2627904085165255,
          0.6864725092367016
        ],
        [
          0.0,
          0.0,
          0.0,
          1.0
        ]
      ]
    },
    {
      "file_path": "./images/0018.jpg",
      "sharpness": 51.45498551290891,
      "transform_matrix": [
        [
          0.5511877485854152,
          -0.2572180819352966,
          0.7937448734812862,
          2.9122544955507106
        ],
        [
          0.8257757747061899,
          0.03189016945442807,
          -0.5630962502103206,
          -2.1667924830848646
        ],
        [
          0.11952587890515474,
          0.965827042208392,
          0.2299819315821534,
          0.7148599293001233
        ],
        [
          0.0,
          0.0,
          0.0,
          1.0
        ]
      ]
    },
    {
      "file_path": "./images/0026.jpg",
      "sharpness": 64.0132334376017,
      "transform_matrix": [
        [
          0.8032505286394623,
          -0.26323247346615086,
          0.5343194299258371,
          1.2833171298296258
        ],
        [
          0.5828463715044672,
          0.16242362054364984,
          -0.7961838196760427,
          -3.467275408226252
        ],
        [
          0.12279533985167915,
          0.9509612150055771,
          0.2838909510871142,
          0.6031424296399954
        ],
        [
          0.0,
          0.0,
          0.0,
          1.0
        ]
      ]
    },
    {
      "file_path": "./images/0024.jpg",
      "sharpness": 66.954020147054,
      "transform_matrix": [
        [
          0.7964922041597202,
          -0.26615346378360516,
          0.5429203463416475,
          1.6015557180502709
        ],
        [
          0.5892858886939305,
          0.14057012794118914,
          -0.7956017725704024,
          -3.1820726258160823
        ],
        [
          0.1354337850148686,
          0.9536259082519347,
          0.2688034914775813,
          0.654773323892334
        ],
        [
          0.0,
          0.0,
          0.0,
          1.0
        ]
      ]
    },
    {
      "file_path": "./images/0028.jpg",
      "sharpness": 54.60969943524466,
      "transform_matrix": [
        [
          0.8408375256924087,
          -0.25851502780649527,
          0.47556517516385705,
          0.7023988997941313
        ],
        [
          0.5253720610345367,
          0.17828633850809578,
          -0.8319844824190314,
          -3.6410690414783864
        ],
        [
          0.1302937178052033,
          0.9494124298437838,
          0.2857264167030055,
          0.8422823674811689
        ],
        [
          0.0,
          0.0,
          0.0,
          1.0
        ]
      ]
    },
    {
      "file_path": "./images/0025.jpg",
      "sharpness": 39.79227000234625,
      "transform_matrix": [
        [
          0.8051348826280105,
          -0.26646810222204376,
          0.5298608980824281,
          1.4867415872822511
        ],
        [
          0.5785771743300274,
          0.15644681311823633,
          -0.8004828842703589,
          -3.2977483975932618
        ],
        [
          0.1304081061317881,
          0.9510621142732486,
          0.2801331481501926,
          0.5802275366637762
        ],
        [
          0.0,
          0.0,
          0.0,
          1.0
        ]
      ]
    },
    {
      "file_path": "./images/0027.jpg",
      "sharpness": 86.12624949333284,
      "transform_matrix": [
        [
          0.8167355118508767,
          -0.2650600944825113,
          0.5125292674936364,
          1.0019578154420803
        ],
        [
          0.5634270573821769,
          0.1747381346196418,
          -0.8074754084922173,
          -3.567276151197673
        ],
        [
          0.12447109992744217,
          0.9482666980680691,
          0.2920568688821638,
          0.6984986569527718
        ],
        [
          0.0,
          0.0,
          0.0,
          1.0
        ]
      ]
    },
    {
      "file_path": "./images/0029.jpg",
      "sharpness": 158.10649491356742,
      "transform_matrix": [
        [
          0.8664314177986456,
          -0.2444302820447404,
          0.4353739031153704,
          0.38583987115366397
        ],
        [
          0.4816909975279789,
          0.17969785714370806,
          -0.8577193381513699,
          -3.55601848759917
        ],
        [
          0.1314168222934431,
          0.9528706719171001,
          0.2734357355245779,
          0.9398068047746924
        ],
        [
          0.0,
          0.0,
          0.0,
          1.0
        ]
      ]
    },
    {
      "file_path": "./images/0035.jpg",
      "sharpness": 40.28814235883174,
      "transform_matrix": [
        [
          0.9987823901554757,
          -0.048993209432462534,
          -0.005779497190676317,
          -0.4007311886215809
        ],
        [
          0.008912048027254732,
          0.29441415541651694,
          -0.95563637461678,
          -3.120325784106005
        ],
        [
          0.048521258827004345,
          0.9544212752027247,
          0.294492303677986,
          1.6096875500667904
        ],
        [
          0.0,
          0.0,
          0.0,
          1.0
        ]
      ]
    },
    {
      "file_path": "./images/0033.jpg",
      "sharpness": 57.60137039608309,
      "transform_matrix": [
        [
          0.967773701191101,
          -0.12923651129733696,
          0.21612956177609344,
          -0.43309324844871494
        ],
        [
          0.24212006387138682,
          0.24160338258386285,
          -0.9396838192686492,
          -3.041865423824831
        ],
        [
          0.06922382532336542,
          0.9617305910247329,
          0.26510815215330097,
          1.4914257893729508
        ],
        [
          0.0,
          0.0,
          0.0,
          1.0
        ]
      ]
    },
    {
      "file_path": "./images/0030.jpg",
      "sharpness": 141.47821326641392,
      "transform_matrix": [
        [
          0.888374163522994,
          -0.22165292549921808,
          0.40207129497815824,
          0.05316983538635302
        ],
        [
          0.4435234420329259,
          0.18799611567936253,
          -0.8763243787873879,
          -3.4666740706647805
        ],
        [
          0.11865202056244453,
          0.9568319816714024,
          0.26531916046630677,
          1.0118503548777622
        ],
        [
          0.0,
          0.0,
          0.0,
          1.0
        ]
      ]
    },
    {
      "file_path": "./images/0036.jpg",
      "sharpness": 61.90242364174058,
      "transform_matrix": [
        [
          0.9934161652184511,
          -0.00347754270222181,
          -0.11450864343959345,
          -0.40208437220364907
        ],
        [
          -0.10664243242226888,
          0.3370973178786467,
          -0.9354104927177418,
          -3.167097566626893
        ],
        [
          0.041853486509941536,
          0.9414633848505336,
          0.3345070712198132,
          1.6425223768208579
        ],
        [
          0.0,
          0.0,
          0.0,
          1.0
        ]
      ]
    },
    {
      "file_path": "./images/0034.jpg",
      "sharpness": 90.67435650530095,
      "transform_matrix": [
        [
          0.9900448369860195,
          -0.09082351187868459,
          0.10752818463223092,
          -0.44739760920732957
        ],
        [
          0.12813709951286056,
          0.26547440623478835,
          -0.9555648713525847,
          -3.063627005962753
        ],
        [
          0.05824177647539907,
          0.9598304169824942,
          0.27446942662438795,
          1.5792953815519934
        ],
        [
          0.0,
          0.0,
          0.0,
          1.0
        ]
      ]
    },
    {
      "file_path": "./images/0032.jpg",
      "sharpness": 122.31703287969412,
      "transform_matrix": [
        [
          0.9402646462022259,
          -0.16264567738268107,
          0.29907988694308263,
          -0.36075551773273673
        ],
        [
          0.3298188051086231,
          0.21741860972498145,
          -0.9186668079028111,
          -3.1360901898869558
        ],
        [
          0.08439165204446854,
          0.9624320920540542,
          0.258074635121278,
          1.3620267474970187
        ],
        [
          0.0,
          0.0,
          0.0,
          1.0
        ]
      ]
    },
    {
      "file_path": "./images/0038.jpg",
      "sharpness": 20.91062465667724,
      "transform_matrix": [
        [
          0.9420608253790145,
          0.10763282058740152,
          -0.31770517348882593,
          -0.5749177026749901
        ],
        [
          -0.33135986524654365,
          0.44591050623448053,
          -0.8314832891488955,
          -2.7635082335314918
        ],
        [
          0.0521731830613305,
          0.8885825771398534,
          0.455740016474376,
          1.4802841404030957
        ],
        [
          0.0,
          0.0,
          0.0,
          1.0
        ]
      ]
    },
    {
      "file_path": "./images/0037.jpg",
      "sharpness": 43.86089729286005,
      "transform_matrix": [
        [
          0.9748230367512339,
          0.04869934360924568,
          -0.21759692321833435,
          -0.43381722076593293
        ],
        [
          -0.21876829087480418,
          0.39765276918917536,
          -0.8910739083062985,
          -2.940000488704482
        ],
        [
          0.04313330464297315,
          0.9162426802570278,
          0.39829495220164884,
          1.5444604277667193
        ],
        [
          0.0,
          0.0,
          0.0,
          1.0
        ]
      ]
    },
    {
      "file_path": "./images/0031.jpg",
      "sharpness": 143.19789141345436,
      "transform_matrix": [
        [
          0.9139122212658248,
          -0.1923307936262938,
          0.3574539378535377,
          -0.22438980526874758
        ],
        [
          0.3928469030294695,
          0.19747066554877363,
          -0.8981517950927017,
          -3.299378656054051
        ],
        [
          0.10215558053609185,
          0.9612565745485101,
          0.2560274112198102,
          1.223218698121827
        ],
        [
          0.0,
          0.0,
          0.0,
          1.0
        ]
      ]
    },
    {
      "file_path": "./images/0040.jpg",
      "sharpness": 25.32802266014946,
      "transform_matrix": [
        [
          0.8282990771110542,
          0.18157779594038723,
          -0.530047302531917,
          -0.9603308985763986
        ],
        [
          -0.5538969602099091,
          0.40783607700926683,
          -0.7258566606157701,
          -2.768070597028363
        ],
        [
          0.08437295989069998,
          0.8948179917428456,
          0.4383856354123645,
          1.5138871140678496
        ],
        [
          0.0,
          0.0,
          0.0,
          1.0
        ]
      ]
    },
    {
      "file_path": "./images/0039.jpg",
      "sharpness": 24.53033890858285,
      "transform_matrix": [
        [
          0.8959583988024342,
          0.15521010018163847,
          -0.41613504113441185,
          -0.7137432153674979
        ],
        [
          -0.4391485009213492,
          0.4496355043409619,
          -0.7778023575272477,
          -2.6571805513287803
        ],
        [
          0.06638630726109956,
          0.8796236343298927,
          0.47101498933667224,
          1.4572848216877303
        ],
        [
          0.0,
          0.0,
          0.0,
          1.0
        ]
      ]
    },
    {
      "file_path": "./images/0041.jpg",
      "sharpness": 27.172969354322227,
      "transform_matrix": [
        [
          0.7539405187269879,
          0.17706587455404382,
          -0.6326305164415059,
          -1.762206731076225
        ],
        [
          -0.6512304088804876,
          0.3281590507037013,
          -0.6842591555770094,
          -3.1999930756838593
        ],
        [
          0.08644448391778242,
          0.9278789325918976,
          0.3627230867971159,
          1.4730523111487892
        ],
        [
          0.0,
          0.0,
          0.0,
          1.0
        ]
      ]
    },
    {
      "file_path": "./images/0043.jpg",
      "sharpness": 22.748823711136225,
      "transform_matrix": [
        [
          0.5943847231907359,
          0.13726596390510434,
          -0.792379237507918,
          -2.6522453536561374
        ],
        [
          -0.8018492106049039,
          0.17613911942712163,
          -0.5709753532860194,
          -3.5598610165749247
        ],
        [
          0.061193498912115916,
          0.9747476934070833,
          0.2147610065439788,
          1.4162739569257337
        ],
        [
          0.0,
          0.0,
          0.0,
          1.0
        ]
      ]
    },
    {
      "file_path": "./images/0045.jpg",
      "sharpness": 51.11634440077677,
      "transform_matrix": [
        [
          0.43432175953088087,
          0.13076697787322925,
          -0.891215241531953,
          -2.956533581509077
        ],
        [
          -0.9000469256711381,
          0.10230290198629002,
          -0.4236149759339022,
          -3.105990762444575
        ],
        [
          0.035779055318414105,
          0.9861207399633392,
          0.16212879280990639,
          1.413849590909148
        ],
        [
          0.0,
          0.0,
          0.0,
          1.0
        ]
      ]
    },
    {
      "file_path": "./images/0048.jpg",
      "sharpness": 36.87407109216288,
      "transform_matrix": [
        [
          0.2240353888914538,
          0.1782886438005791,
          -0.9581342828951276,
          -3.388874368517364
        ],
        [
          -0.9744647378432296,
          0.0561657088369573,
          -0.2174025939388305,
          -2.6185163988565336
        ],
        [
          0.015053877527712572,
          0.9823739474791082,
          0.18631910296320814,
          1.4769884639199529
        ],
        [
          0.0,
          0.0,
          0.0,
          1.0
        ]
      ]
    },
    {
      "file_path": "./images/0054.jpg",
      "sharpness": 12.012277473015258,
      "transform_matrix": [
        [
          0.14934787883647138,
          0.3605577910484231,
          -0.9207026069498679,
          -3.2131281863131846
        ],
        [
          -0.9809600601775355,
          0.1709388374132351,
          -0.09218066066513972,
          -0.15268831207563197
        ],
        [
          0.12414737784853822,
          0.9169394708592399,
          0.3792221451827796,
          0.6475321029885226
        ],
        [
          0.0,
          0.0,
          0.0,
          1.0
        ]
      ]
    },
    {
      "file_path": "./images/0044.jpg",
      "sharpness": 68.43870105945803,
      "transform_matrix": [
        [
          0.5057687700144381,
          0.12558561742376098,
          -0.8534788831701283,
          -2.7732921827090826
        ],
        [
          -0.8613793390451054,
          0.12759803412744458,
          -0.4916750715191816,
          -3.3342537063285542
        ],
        [
          0.04715491023318714,
          0.9838429724430579,
          0.17271195690694877,
          1.410294392350581
        ],
        [
          0.0,
          0.0,
          0.0,
          1.0
        ]
      ]
    },
    {
      "file_path": "./images/0052.jpg",
      "sharpness": 20.389400534999513,
      "transform_matrix": [
        [
          0.06931799433271314,
          0.27381183114041574,
          -0.959282073653092,
          -3.946251319075783
        ],
        [
          -0.9958733477096766,
          0.07545640897469387,
          -0.050424256727573974,
          -0.5437643930406614
        ],
        [
          0.05857722240318876,
          0.9588187584288599,
          0.2779123918499974,
          1.0026718875225544
        ],
        [
          0.0,
          0.0,
          0.0,
          1.0
        ]
      ]
    },
    {
      "file_path": "./images/0042.jpg",
      "sharpness": 58.36614693166473,
      "transform_matrix": [
        [
          0.678883087211507,
          0.15968605642901387,
          -0.7166715547049977,
          -2.239945961201993
        ],
        [
          -0.7303045764305176,
          0.24785637587651385,
          -0.6365708464753683,
          -3.4316585368640333
        ],
        [
          0.07598012613163674,
          0.955545697682674,
          0.28488495944235415,
          1.4077308421470018
        ],
        [
          0.0,
          0.0,
          0.0,
          1.0
        ]
      ]
    },
    {
      "file_path": "./images/0046.jpg",
      "sharpness": 76.11172200110988,
      "transform_matrix": [
        [
          0.38617865479292834,
          0.15026647099468624,
          -0.9101022109192363,
          -3.1896938109109696
        ],
        [
          -0.9220212423834945,
          0.0920357863811265,
          -0.37604021409839733,
          -2.8893995419253806
        ],
        [
          0.02725573674450141,
          0.9843522752362838,
          0.17409113445257673,
          1.3826504241486277
        ],
        [
          0.0,
          0.0,
          0.0,
          1.0
        ]
      ]
    },
    {
      "file_path": "./images/0051.jpg",
      "sharpness": 39.574468253689055,
      "transform_matrix": [
        [
          0.026992532472835833,
          0.23911848822924123,
          -0.9706151409393017,
          -4.30938728992189
        ],
        [
          -0.9990648722477544,
          0.039259991833678794,
          -0.01811171118811079,
          -1.1413470894058875
        ],
        [
          0.03377549750837628,
          0.9701963727366436,
          0.23995460849927688,
          1.4142563348208297
        ],
        [
          0.0,
          0.0,
          0.0,
          1.0
        ]
      ]
    },
    {
      "file_path": "./images/0058.jpg",
      "sharpness": 9.553629266469269,
      "transform_matrix": [
        [
          0.006629080157193318,
          0.4917989097294575,
          -0.8706835749732165,
          -2.455746655224367
        ],
        [
          -0.9956517630137768,
          0.08415125144443947,
          0.0399516418718488,
          0.17280907404023868
        ],
        [
          0.09291728636059164,
          0.8666327938128414,
          0.4902182969115414,
          1.0946875912712586
        ],
        [
          0.0,
          0.0,
          0.0,
          1.0
        ]
      ]
    },
    {
      "file_path": "./images/0055.jpg",
      "sharpness": 35.976634774383506,
      "transform_matrix": [
        [
          0.1931049954750633,
          0.4011542643470636,
          -0.8954248806916725,
          -2.781224896008368
        ],
        [
          -0.971518632075824,
          0.20591379857083028,
          -0.11726489281969313,
          0.029436472408389126
        ],
        [
          0.13733902670523376,
          0.8925663918135633,
          0.42949182529111646,
          0.7569558441034594
        ],
        [
          0.0,
          0.0,
          0.0,
          1.0
        ]
      ]
    },
    {
      "file_path": "./images/0060.jpg",
      "sharpness": 10.849683072615257,
      "transform_matrix": [
        [
          -0.30931286688008597,
          0.3836988255307821,
          -0.8701153726441538,
          -2.6995266101818642
        ],
        [
          -0.9498869911068706,
          -0.0812019824070883,
          0.30186245573018494,
          1.1493133138281375
        ],
        [
          0.04516917655392204,
          0.9198812148221561,
          0.3895873408493579,
          1.1053097691842853
        ],
        [
          0.0,
          0.0,
          0.0,
          1.0
        ]
      ]
    },
    {
      "file_path": "./images/0057.jpg",
      "sharpness": 13.508723869940676,
      "transform_matrix": [
        [
          0.11764404313150882,
          0.44966286583673204,
          -0.8854169561546263,
          -2.4863579174421298
        ],
        [
          -0.9856315020747558,
          0.16169404611136146,
          -0.048842374741214306,
          0.05535042754890494
        ],
        [
          0.12120404793584152,
          0.8784408588978437,
          0.46222422721673084,
          0.9450830534335392
        ],
        [
          0.0,
          0.0,
          0.0,
          1.0
        ]
      ]
    },
    {
      "file_path": "./images/0059.jpg",
      "sharpness": 18.52176961135746,
      "transform_matrix": [
        [
          -0.17354468789817495,
          0.4391840935176411,
          -0.8814757928306184,
          -2.519290465439251
        ],
        [
          -0.9815018563390938,
          -0.0036529189049064902,
          0.1914177687330781,
          0.7677239734360157
        ],
        [
          0.08084767965635806,
          0.8983896639141744,
          0.43169394773343645,
          1.1285520447500217
        ],
        [
          0.0,
          0.0,
          0.0,
          1.0
        ]
      ]
    },
    {
      "file_path": "./images/0047.jpg",
      "sharpness": 118.35935359394284,
      "transform_matrix": [
        [
          0.3231839337877029,
          0.16461947857255466,
          -0.931908027789739,
          -3.272219672001418
        ],
        [
          -0.9460978947105115,
          0.07830205340768379,
          -0.314273069251634,
          -2.777729585654888
        ],
        [
          0.021234843373441104,
          0.9832442299599752,
          0.18105210774978617,
          1.4370570629279635
        ],
        [
          0.0,
          0.0,
          0.0,
          1.0
        ]
      ]
    },
    {
      "file_path": "./images/0053.jpg",
      "sharpness": 84.2833353457557,
      "transform_matrix": [
        [
          0.10819701710620246,
          0.30842408492231427,
          -0.9450756527242185,
          -3.4969385914630977
        ],
        [
          -0.989770676949247,
          0.12234542535167849,
          -0.07338667418073444,
          -0.33071893795041285
        ],
        [
          0.09299146489237478,
          0.9433483878068025,
          0.3185065254006525,
          0.7877620904978896
        ],
        [
          0.0,
          0.0,
          0.0,
          1.0
        ]
      ]
    },
    {
      "file_path": "./images/0050.jpg",
      "sharpness": 122.70177893510989,
      "transform_matrix": [
        [
          0.052982607802298555,
          0.20689643342393532,
          -0.9769271769942108,
          -4.146913415193337
        ],
        [
          -0.9984978673148783,
          0.02465152303219765,
          -0.04893170117824855,
          -1.6681988702157946
        ],
        [
          0.01395894834930717,
          0.9780522318832904,
          0.20789174950539832,
          1.528356338535223
        ],
        [
          0.0,
          0.0,
          0.0,
          1.0
        ]
      ]
    },
    {
      "file_path": "./images/0049.jpg",
      "sharpness": 128.27034173730448,
      "transform_matrix": [
        [
          0.12658069608591216,
          0.1926217107378663,
          -0.9730746137752121,
          -3.775071274797502
        ],
        [
          -0.9919195784339483,
          0.033021223157890134,
          -0.12249550498258527,
          -2.1920442002975693
        ],
        [
          0.008536820243304643,
          0.9807173269687771,
          0.19524509552526434,
          1.5275069888277544
        ],
        [
          0.0,
          0.0,
          0.0,
          1.0
        ]
      ]
    },
    {
      "file_path": "./images/0056.jpg",
      "sharpness": 54.73211697042841,
      "transform_matrix": [
        [
          0.17889469167409092,
          0.42902016460290193,
          -0.8854029521623955,
          -2.54536476215649
        ],
        [
          -0.9735972367149357,
          0.20688760989960556,
          -0.09646728736433481,
          0.11306376840106029
        ],
        [
          0.1417924890670906,
          0.879283353234234,
          0.454703941936552,
          0.8280723397398536
        ],
        [
          0.0,
          0.0,
          0.0,
          1.0
        ]
      ]
    },
    {
      "file_path": "./images/0067.jpg",
      "sharpness": 11.48511110867983,
      "transform_matrix": [
        [
          -0.3817107710094381,
          0.34270429280965664,
          -0.8584000553519133,
          -2.0113353756096917
        ],
        [
          -0.9180645315311279,
          -0.033039033046721275,
          0.3950518171584987,
          1.71998296412135
        ],
        [
          0.1070252458263939,
          0.9388621783991993,
          0.3272360108096744,
          1.363950034295344
        ],
        [
          0.0,
          0.0,
          0.0,
          1.0
        ]
      ]
    },
    {
      "file_path": "./images/0068.jpg",
      "sharpness": 14.629627773613402,
      "transform_matrix": [
        [
          -0.48588250280359796,
          0.31047409945451654,
          -0.817021436120359,
          -1.790620134626777
        ],
        [
          -0.8706528167172068,
          -0.08990662960851399,
          0.4836119009031886,
          1.7497000704054042
        ],
        [
          0.07669332577891509,
          0.9463205754729749,
          0.31399920742063386,
          1.4158985004684084
        ],
        [
          0.0,
          0.0,
          0.0,
          1.0
        ]
      ]
    },
    {
      "file_path": "./images/0061.jpg",
      "sharpness": 54.49376066042581,
      "transform_matrix": [
        [
          -0.3972501338185155,
          0.34974547737023987,
          -0.8484517854794045,
          -2.778091786847166
        ],
        [
