{
  "camera_angle_x": 0.635813974783678,
  "camera_angle_y": 1.058197354523587,
  "fl_x": 1640.9974808989873,
  "fl_y": 1641.8482333021748,
  "k1": 0.16451913416370817,
  "k2": -0.30962054679459516,
  "k3": 0,
  "k4": 0,
  "p1": 0.001447130744321186,
  "p2": 0.0009870555782526748,
  "is_fisheye": false,
  "cx": 540.8690076965673,
  "cy": 965.1868176790057,
  "w": 1080.0,
  "h": 1920.0,
  "aabb_scale": 32,
  "frames": [
    {
      "file_path": "./images/0007.jpg",
      "sharpness": 46.00898910227104,
      "transform_matrix": [
        [
          0.17458664300923785,
          0.5656088722407862,
          -0.805981456230035,
          -4.753627146780274
        ],
        [
          -0.9827883703878988,
          0.15029971160994937,
          -0.1074105009776352,
          -0.45769376482935764
        ],
        [
          0.060386448109563166,
          0.8108616407208075,
          0.5821141439216971,
          3.5945852834127656
        ],
        [
          0.0,
          0.0,
          0.0,
          1.0
        ]
      ]
    },
    {
      "file_path": "./images/0012.jpg",
      "sharpness": 68.03708951351247,
      "transform_matrix": [
        [
          0.3697012533570101,
          0.5738400021131765,
          -0.7307726290046874,
          -3.9222805342689426
        ],
        [
          -0.9227755444476823,
          0.3187338129711526,
          -0.21655034296476308,
          -1.8966050362313693
        ],
        [
          0.10865669719310882,
          0.7543980438062278,
          0.6473618105185396,
          3.879455618637875
        ],
        [
          0.0,
          0.0,
          0.0,
          1.0
        ]
      ]
    },
    {
      "file_path": "./images/0008.jpg",
      "sharpness": 126.87742163493024,
      "transform_matrix": [
        [
          0.21843515471929573,
          0.5680318747470927,
          -0.7934896801568857,
          -4.631878170833949
        ],
        [
          -0.9730749771620905,
          0.1880810385963297,
          -0.13323142174999547,
          -0.6599989440228069
        ],
        [
          0.07356066888750605,
          0.8012273786204483,
          0.5938211143124221,
          3.7157664153291505
        ],
        [
          0.0,
          0.0,
          0.0,
          1.0
        ]
      ]
    },
    {
      "file_path": "./images/0006.jpg",
      "sharpness": 106.95834200343633,
      "transform_matrix": [
        [
          0.12720816652970926,
          0.5663753044992272,
          -0.8142708989537658,
          -4.96317463306137
        ],
        [
          -0.9903843959980242,
          0.11753411258263358,
          -0.07296903824940518,
          -0.21288174792987155
        ],
        [
          0.05437674625287158,
          0.8157234500082374,
          0.5758805628209975,
          3.468867202501419
        ],
        [
          0.0,
          0.0,
          0.0,
          1.0
        ]
      ]
    },
    {
      "file_path": "./images/0010.jpg",
      "sharpness": 121.06049007965002,
      "transform_matrix": [
        [
          0.3191855018884879,
          0.5525052168530872,
          -0.7699731169305416,
          -4.229032734338186
        ],
        [
          -0.943258445798288,
          0.2637147491108725,
          -0.20178710447298046,
          -1.4117939488468134
        ],
        [
          0.09156483943845371,
          0.7906911637981996,
          0.6053291366946398,
          3.902086279861178
        ],
        [
          0.0,
          0.0,
          0.0,
          1.0
        ]
      ]
    },
    {
      "file_path": "./images/0011.jpg",
      "sharpness": 69.58835809247456,
      "transform_matrix": [
        [
          0.35296224810694565,
          0.5594963613514025,
          -0.7499209779085053,
          -4.090740635863575
        ],
        [
          -0.9302285223762435,
          0.29590545817990366,
          -0.21705956780813443,
          -1.7063789906718088
        ],
        [
          0.10046167218157852,
          0.7742117162054576,
          0.6249029292410946,
          3.8824345346041147
        ],
        [
          0.0,
          0.0,
          0.0,
          1.0
        ]
      ]
    },
    {
      "file_path": "./images/0005.jpg",
      "sharpness": 143.31140806111333,
      "transform_matrix": [
        [
          0.08247667956099915,
          0.556778418926389,
          -0.8265563438797382,
          -5.160533696360496
        ],
        [
          -0.9953698863955178,
          0.0870997305876932,
          -0.04065004536931824,
          -0.02516983912884629
        ],
        [
          0.049359766877458904,
          0.8260819748731348,
          0.5613841681637662,
          3.4942032831225887
        ],
        [
          0.0,
          0.0,
          0.0,
          1.0
        ]
      ]
    },
    {
      "file_path": "./images/0004.jpg",
      "sharpness": 108.99075858409353,
      "transform_matrix": [
        [
          0.031285877574178104,
          0.5469854494947972,
          -0.8365572974798589,
          -5.282643136085107
        ],
        [
          -0.998156551083322,
          0.06064729160044501,
          0.002324984081647341,
          0.1811527252615741
        ],
        [
          0.052006666823709344,
          0.8349424076687405,
          0.5478745135007045,
          3.550055284033705
        ],
        [
          0.0,
          0.0,
          0.0,
          1.0
        ]
      ]
    },
    {
      "file_path": "./images/0003.jpg",
      "sharpness": 145.1004970321227,
      "transform_matrix": [
        [
          -0.026068587938751896,
          0.5389289927998998,
          -0.841947723735851,
          -5.5211334053607075
        ],
        [
          -0.9977918336424427,
          0.037441227929149015,
          0.05485992314623476,
          0.5973960343409545
        ],
        [
          0.06108915975510244,
          0.8415186838283273,
          0.5367629079860814,
          3.6701602786699583
        ],
        [
          0.0,
          0.0,
          0.0,
          1.0
        ]
      ]
    },
    {
      "file_path": "./images/0009.jpg",
      "sharpness": 91.10670940210791,
      "transform_matrix": [
        [
          0.26801556674111243,
          0.5557317863352986,
          -0.7869751188585539,
          -4.444339746499928
        ],
        [
          -0.9596909484642066,
          0.22575298474435615,
          -0.16741825860666437,
          -1.0176629501086896
        ],
        [
          0.08462233408123641,
          0.8001235976983729,
          0.5938360792695869,
          3.8381302951218093
        ],
        [
          0.0,
          0.0,
          0.0,
          1.0
        ]
      ]
    },
    {
      "file_path": "./images/0013.jpg",
      "sharpness": 52.22699411650094,
      "transform_matrix": [
        [
          0.3657380220177915,
          0.579136540325614,
          -0.72858531893774,
          -3.7359500249122117
        ],
        [
          -0.922467277450359,
          0.3295649400488433,
          -0.201099657692217,
          -2.153048181492036
        ],
        [
          0.12365201693964797,
          0.7456459065836052,
          0.6547689369260654,
          3.9168543364289476
        ],
        [
          0.0,
          0.0,
          0.0,
          1.0
        ]
      ]
    },
    {
      "file_path": "./images/0002.jpg",
      "sharpness": 149.92871137181706,
      "transform_matrix": [
        [
          -0.08474774595069803,
          0.5366332627558166,
          -0.8395490223457708,
          -5.682486971052398
        ],
        [
          -0.9934652758559422,
          0.01913951127806583,
          0.1125185530324469,
          0.8266978934513548
        ],
        [
          0.07644975621604137,
          0.843598494826462,
          0.5315044819777678,
          3.7225149275014866
        ],
        [
          0.0,
          0.0,
          0.0,
          1.0
        ]
      ]
    },
    {
      "file_path": "./images/0014.jpg",
      "sharpness": 40.497265862539415,
      "transform_matrix": [
        [
          0.3751648984047839,
          0.568324880112266,
          -0.7322964766484424,
          -3.6862332161975266
        ],
        [
          -0.9180183713605615,
          0.3372501625683349,
          -0.20857755797816604,
          -2.2626877928462
        ],
        [
          0.1284272901658557,
          0.7505125971942779,
          0.6482571038212955,
          3.957797890211829
        ],
        [
          0.0,
          0.0,
          0.0,
          1.0
        ]
      ]
    },
    {
      "file_path": "./images/0001.jpg",
      "sharpness": 155.07211611569255,
      "transform_matrix": [
        [
          -0.12258289647812766,
          0.5344353159610903,
          -0.8362728780763005,
          -5.703927996205101
        ],
        [
          -0.9889710880952137,
          0.00479643037689299,
          0.1480310142078696,
          0.8540335329810248
        ],
        [
          0.08312412648600037,
          0.8451957686658308,
          0.5279531156141936,
          3.750991859289546
        ],
        [
          0.0,
          0.0,
          0.0,
          1.0
        ]
      ]
    },
    {
      "file_path": "./images/0020.jpg",
      "sharpness": 35.02420204152968,
      "transform_matrix": [
        [
          0.7239418060393659,
          0.3201178831901517,
          -0.6110914844699878,
          -2.9431855886003757
        ],
        [
          -0.6668414374424138,
          0.5516436824829174,
          -0.5010107233247834,
          -3.086663342783154
        ],
        [
          0.17672226462068033,
          0.7702037318016188,
          0.6128257931644338,
          4.237525116783008
        ],
        [
          0.0,
          0.0,
          0.0,
          1.0
        ]
      ]
    },
    {
      "file_path": "./images/0017.jpg",
      "sharpness": 138.06046276867656,
      "transform_matrix": [
        [
          0.5303878292840669,
          0.47498444038607407,
          -0.7021955083877138,
          -3.4524055504946842
        ],
        [
          -0.8384335179943118,
          0.41639500239406124,
          -0.351631110519154,
          -2.5483456454062843
        ],
        [
          0.1253713941439271,
          0.7752451118343157,
          0.6190937167899758,
          4.019246986653519
        ],
        [
          0.0,
          0.0,
          0.0,
          1.0
        ]
      ]
    },
    {
      "file_path": "./images/0015.jpg",
      "sharpness": 117.25789500004758,
      "transform_matrix": [
        [
          0.4022621525265047,
          0.5433326799936564,
          -0.7368682104400154,
          -3.658006567687032
        ],
        [
          -0.9061147956477096,
          0.3513737659143075,
          -0.23556836318892324,
          -2.36122613903999
        ],
        [
          0.13092416799168807,
          0.7624474247656702,
          0.6336661477192082,
          3.986460552910168
        ],
        [
          0.0,
          0.0,
          0.0,
          1.0
        ]
      ]
    },
    {
      "file_path": "./images/0021.jpg",
      "sharpness": 62.29927083332962,
      "transform_matrix": [
        [
          0.7675610568226215,
          0.2789858235458451,
          -0.5770761945975628,
          -2.775228447695366
        ],
        [
          -0.6113666942293278,
          0.5891229641033785,
          -0.5283605760776966,
          -3.200399892673303
        ],
        [
          0.19256372782862113,
          0.758354167567158,
          0.622750485603734,
          4.221068004814858
        ],
        [
          0.0,
          0.0,
          0.0,
          1.0
        ]
      ]
    },
    {
      "file_path": "./images/0016.jpg",
      "sharpness": 166.662804752112,
      "transform_matrix": [
        [
          0.4630500939757281,
          0.5119458847093531,
          -0.7235302493051995,
          -3.584265633474646
        ],
        [
          -0.8777632956130829,
          0.37810842647811815,
          -0.29422035058898216,
          -2.4078205975490583
        ],
        [
          0.12294798639233709,
          0.7713270570956872,
          0.6244504493517444,
          3.9835794737264503
        ],
        [
          0.0,
          0.0,
          0.0,
          1.0
        ]
      ]
    },
    {
      "file_path": "./images/0019.jpg",
      "sharpness": 75.79756912716954,
      "transform_matrix": [
        [
          0.6695466749906187,
          0.3720082646559154,
          -0.6428974265760583,
          -3.0590837332774226
        ],
        [
          -0.7264901628472359,
          0.5082071216407434,
          -0.4625338525987364,
          -2.919958009124543
        ],
        [
          0.15465863482058884,
          0.7767466592053944,
          0.6105287332715064,
          4.187960629683978
        ],
        [
          0.0,
          0.0,
          0.0,
          1.0
        ]
      ]
    },
    {
      "file_path": "./images/0018.jpg",
      "sharpness": 123.28869836827454,
      "transform_matrix": [
        [
          0.6019078829002212,
          0.42906125107403675,
          -0.6735082355775415,
          -3.2490565543464394
        ],
        [
          -0.7868156383965864,
          0.4627876275867942,
          -0.40834882505911707,
          -2.7087640000200435
        ],
        [
          0.13648462074862036,
          0.7757151891174275,
          0.6161476233282394,
          4.101982189747813
        ],
        [
          0.0,
          0.0,
          0.0,
          1.0
        ]
      ]
    },
    {
      "file_path": "./images/0023.jpg",
      "sharpness": 167.16520278037868,
      "transform_matrix": [
        [
          0.805870876563133,
          0.23620972812422592,
          -0.5429337848285593,
          -2.3355517220534234
        ],
        [
          -0.5499519454598449,
          0.6383606437409044,
          -0.5385615528494702,
          -3.256587231350938
        ],
        [
          0.21937408241511042,
          0.7325985619003474,
          0.6443402510533472,
          4.154706362724072
        ],
        [
          0.0,
          0.0,
          0.0,
          1.0
        ]
      ]
    },
    {
      "file_path": "./images/0026.jpg",
      "sharpness": 44.38349099324543,
      "transform_matrix": [
        [
          0.7817443979751746,
          0.2649303863733661,
          -0.5645242126533703,
          -2.303650573721053
        ],
        [
          -0.5908982802388675,
          0.6040013730406405,
          -0.5348098388920796,
          -3.211090620187256
        ],
        [
          0.19928602230336584,
          0.7516609819459663,
          0.6287215994348753,
          4.104800609107513
        ],
        [
          0.0,
          0.0,
          0.0,
          1.0
        ]
      ]
    },
    {
      "file_path": "./images/0022.jpg",
      "sharpness": 149.6695952700998,
      "transform_matrix": [
        [
          0.7953415023471672,
          0.2528626771456437,
          -0.5509014078873875,
          -2.5368738048419504
        ],
        [
          -0.5706326369540617,
          0.6189095095294536,
          -0.5397493980143625,
          -3.2601142715204054
        ],
        [
          0.20447564238500726,
          0.7436474201922078,
          0.6365361153729866,
          4.14712092500524
        ],
        [
          0.0,
          0.0,
          0.0,
          1.0
        ]
      ]
    },
    {
      "file_path": "./images/0024.jpg",
      "sharpness": 216.2623491304091,
      "transform_matrix": [
        [
          0.8044939511174342,
          0.23205990924829847,
          -0.5467519375334193,
          -2.2767341969737664
        ],
        [
          -0.5487453175300734,
          0.6426658265428741,
          -0.5346580326552528,
          -3.231908046380718
        ],
        [
          0.22730609131198118,
          0.7301567187594576,
          0.6443625586300856,
          4.168090530447394
        ],
        [
          0.0,
          0.0,
          0.0,
          1.0
        ]
      ]
    },
    {
      "file_path": "./images/0028.jpg",
      "sharpness": 42.397078509849926,
      "transform_matrix": [
        [
          0.7316588364430975,
          0.3622439103797121,
          -0.5774553632177686,
          -2.5722715965442884
        ],
        [
          -0.6709611695243151,
          0.5322709756374808,
          -0.516235137785573,
          -2.8607410975247323
        ],
        [
          0.12035969458016234,
          0.7651581260959166,
          0.6324923604687844,
          3.653028441408695
        ],
        [
          0.0,
          0.0,
          0.0,
          1.0
        ]
      ]
    },
    {
      "file_path": "./images/0027.jpg",
      "sharpness": 83.27193864168584,
      "transform_matrix": [
        [
          0.7518149292202804,
          0.30433614232373024,
          -0.5849391632797649,
          -2.413033127767407
        ],
        [
          -0.6364589270648002,
          0.5667805712953038,
          -0.5231441657532792,
          -3.092860662469774
        ],
        [
          0.17232047585218296,
          0.7655973462070254,
          0.619811549702211,
          3.9132293115451326
        ],
        [
          0.0,
          0.0,
          0.0,
          1.0
        ]
      ]
    },
    {
      "file_path": "./images/0029.jpg",
      "sharpness": 86.65271411471063,
      "transform_matrix": [
        [
          0.6760147091574059,
          0.41326697624935055,
          -0.610093861144302,
          -2.6724083086914443
        ],
        [
          -0.7292029679666037,
          0.4944350569304683,
          -0.47307188247333243,
          -2.753277129459518
        ],
        [
          0.10614680654947002,
          0.7646858053253872,
          0.6356008768516868,
          3.473334302807826
        ],
        [
          0.0,
          0.0,
          0.0,
          1.0
        ]
      ]
    },
    {
      "file_path": "./images/0025.jpg",
      "sharpness": 191.3609707366871,
      "transform_matrix": [
        [
          0.7967480298216164,
          0.24077575794887013,
          -0.5542739497946263,
          -2.27554195694047
        ],
        [
          -0.5624471585777899,
          0.6308973922629393,
          -0.5344358467052847,
          -3.240421180406882
        ],
        [
          0.22101079345919813,
          0.7375605160641601,
          0.6380898952178486,
          4.157785062410936
        ],
        [
          0.0,
          0.0,
          0.0,
          1.0
        ]
      ]
    },
    {
      "file_path": "./images/0032.jpg",
      "sharpness": 32.153680924825,
      "transform_matrix": [
        [
          0.5547225923743188,
          0.4575729173050784,
          -0.6949171683876086,
          -3.2621541052643255
        ],
        [
          -0.8259371269721689,
          0.4037651224082719,
          -0.3934483297913395,
          -2.0547854565092254
        ],
        [
          0.10055201548619873,
          0.7922125670088943,
          0.6019040961118811,
          3.0443202735199018
        ],
        [
          0.0,
          0.0,
          0.0,
          1.0
        ]
      ]
    },
    {
      "file_path": "./images/0030.jpg",
      "sharpness": 126.47476614531887,
      "transform_matrix": [
        [
          0.6254574180384378,
          0.4484585269660078,
          -0.6385044775673748,
          -2.8147873003779598
        ],
        [
          -0.774228106955869,
          0.45824958040868974,
          -0.43655258612771214,
          -2.6164360470632873
        ],
        [
          0.09681867921628408,
          0.7673931663072764,
          0.633824795760726,
          3.318543650419979
        ],
        [
          0.0,
          0.0,
          0.0,
          1.0
        ]
      ]
    },
    {
      "file_path": "./images/0031.jpg",
      "sharpness": 109.12854107844966,
      "transform_matrix": [
        [
          0.5869192395269375,
          0.4661034239983312,
          -0.6620222084428662,
          -2.9992115294816037
        ],
        [
          -0.8041958654120285,
          0.43031836050344513,
          -0.40999404711267157,
          -2.378899507023558
        ],
        [
          0.09378068217585488,
          0.7730289171826341,
          0.6274005713350084,
          3.174564151079893
        ],
        [
          0.0,
          0.0,
          0.0,
          1.0
        ]
      ]
    },
    {
      "file_path": "./images/0035.jpg",
      "sharpness": 44.51837670922622,
      "transform_matrix": [
        [
          0.43274591319167566,
          0.4815770022877793,
          -0.7621119114308839,
          -3.706119202488147
        ],
        [
          -0.898229031073082,
          0.3024463779736658,
          -0.3189213009319448,
          -1.2059273015284784
        ],
        [
          0.0769128231543334,
          0.8225629333818897,
          0.5634488781797605,
          2.7590512187394425
        ],
        [
          0.0,
          0.0,
          0.0,
          1.0
        ]
      ]
    },
    {
      "file_path": "./images/0033.jpg",
      "sharpness": 127.47136907410847,
      "transform_matrix": [
        [
          0.5323375355309032,
          0.4503060335336491,
          -0.7168271929059981,
          -3.483426735230811
        ],
        [
          -0.8409574166908661,
          0.37832797457645334,
          -0.38685729534998536,
          -1.6834668124243193
        ],
        [
          0.09699160580084351,
          0.8087598035687554,
          0.5800863802891955,
          2.883922564360659
        ],
        [
          0.0,
          0.0,
          0.0,
          1.0
        ]
      ]
    },
    {
      "file_path": "./images/0034.jpg",
      "sharpness": 124.73753919404425,
      "transform_matrix": [
        [
          0.49278800039817106,
          0.45673172268391254,
          -0.740645745427039,
          -3.643723964096743
        ],
        [
          -0.8654177648409355,
          0.34589642854898517,
          -0.3625020731179035,
          -1.4310383401581788
        ],
        [
          0.09062052183158391,
          0.8196046572983804,
          0.565717355946585,
          2.8158757626863884
        ],
        [
          0.0,
          0.0,
          0.0,
          1.0
        ]
      ]
    },
    {
      "file_path": "./images/0043.jpg",
      "sharpness": 7.960085349952896,
      "transform_matrix": [
        [
          0.017557671343054502,
          0.4905368626221656,
          -0.8712435449673231,
          -3.2185210559732758
        ],
        [
          -0.9979124529750036,
          0.06276073096798475,
          0.015225861084918505,
          0.27481908628657
        ],
        [
          0.062148727860604346,
          0.8691574524321357,
          0.49061477614153376,
          1.554734812268371
        ],
        [
          0.0,
          0.0,
          0.0,
          1.0
        ]
      ]
    },
    {
      "file_path": "./images/0040.jpg",
      "sharpness": 32.412962960045625,
      "transform_matrix": [
        [
          0.06146378229592966,
          0.5589112111594171,
          -0.8269464683808795,
          -3.232502998387573
        ],
        [
          -0.995916588920801,
          0.08923042298689322,
          -0.013714208906768223,
          0.27636796146633097
        ],
        [
          0.06612375805096832,
          0.8244126331605953,
          0.5621133862201204,
          2.1590464189088827
        ],
        [
          0.0,
          0.0,
          0.0,
          1.0
        ]
      ]
    },
    {
      "file_path": "./images/0038.jpg",
      "sharpness": 71.29366848745462,
      "transform_matrix": [
        [
          0.14132511873465406,
          0.5676321946957769,
          -0.811061589782742,
          -3.566805279980409
        ],
        [
          -0.9876285984217477,
          0.1370762418949887,
          -0.07615678228131319,
          -0.15609793687730109
        ],
        [
          0.06794823320548297,
          0.8117904874491995,
          0.5799821050279601,
          2.554162887075354
        ],
        [
          0.0,
          0.0,
          0.0,
          1.0
        ]
      ]
    },
    {
      "file_path": "./images/0037.jpg",
      "sharpness": 129.64846253652524,
      "transform_matrix": [
        [
          0.24698905737257235,
          0.5461364536551163,
          -0.8004569817227142,
          -3.698825905550744
        ],
        [
          -0.9671988509558297,
          0.18953723040456327,
          -0.16912132035994634,
          -0.49606039585739
        ],
        [
          0.05935308123486752,
          0.8159721884590895,
          0.5750361723149517,
          2.6421878679399415
        ],
        [
          0.0,
          0.0,
          0.0,
          1.0
        ]
      ]
    },
    {
      "file_path": "./images/0039.jpg",
      "sharpness": 90.54150696665354,
      "transform_matrix": [
        [
          0.08506031991157156,
          0.572038979112246,
          -0.815803988966821,
          -3.3942024240433932
        ],
        [
          -0.9941752014396337,
          0.10311417372008007,
          -0.03135499992809849,
          0.1372048306923711
        ],
        [
          0.06618467209092509,
          0.8137191613910577,
          0.5774778918942869,
          2.3939113703120283
        ],
        [
          0.0,
          0.0,
          0.0,
          1.0
        ]
      ]
    },
    {
      "file_path": "./images/0041.jpg",
      "sharpness": 121.48417653438992,
      "transform_matrix": [
        [
          0.058440152565795364,
          0.5402013811831134,
          -0.839504149124565,
          -3.1061342673256696
        ],
        [
          -0.9958243110523662,
          0.0906243900853025,
          -0.011007335678966066,
          0.2455923810430129
        ],
        [
          0.07013337355157091,
          0.8366419113039947,
          0.5432417714289779,
          1.919650797332145
        ],
        [
          0.0,
          0.0,
          0.0,
          1.0
        ]
      ]
    },
    {
      "file_path": "./images/0042.jpg",
      "sharpness": 144.51309451321356,
      "transform_matrix": [
        [
          0.055458806376058545,
          0.5200942698697838,
          -0.852306442135325,
          -3.094797693310169
        ],
        [
          -0.9962224145690459,
          0.08595229694362193,
          -0.012373494265462923,
          0.2508989175296458
        ],
        [
          0.06682231293564349,
          0.8497730009594703,
          0.5228963811269748,
          1.6986756871689486
        ],
        [
          0.0,
          0.0,
          0.0,
          1.0
        ]
      ]
    },
    {
      "file_path": "./images/0036.jpg",
      "sharpness": 147.17624115877683,
      "transform_matrix": [
        [
          0.34000599880267696,
          0.515606488003975,
          -0.7864768721124716,
          -3.717980373537426
        ],
        [
          -0.9377980268478022,
          0.24833984585450067,
          -0.24261529589317646,
          -0.7932779371059901
        ],
        [
          0.07021952453701506,
          0.8200471148334741,
          0.5679717844123154,
          2.6540629259412034
        ],
        [
          0.0,
          0.0,
          0.0,
          1.0
        ]
      ]
    },
    {
      "file_path": "./images/0044.jpg",
      "sharpness": 62.279868725150344,
      "transform_matrix": [
        [
          0.009668995074132731,
          0.47078740112981843,
          -0.8821937052218776,
          -3.3776476783059333
        ],
        [
          -0.9997789442212163,
          0.021023658983606905,
          0.0002616387843631906,
          0.11241912700429886
        ],
        [
          0.018670115859394498,
          0.8819961614212142,
          0.4708866085093726,
          1.4758794870708225
        ],
        [
          0.0,
          0.0,
          0.0,
          1.0
        ]
      ]
    },
    {
      "file_path": "./images/0047.jpg",
      "sharpness": 50.06751397518069,
      "transform_matrix": [
        [
          -0.06664664343157682,
          0.46730606481269443,
          -0.8815799831949424,
          -2.7054808972774262
        ],
        [
          -0.9976361860242546,
          -0.0460338736499157,
          0.05101884761305423,
          0.2887067344796677
        ],
        [
          -0.0167411246493559,
          0.8828963270550866,
          0.46926944336865983,
          1.1869232775676186
        ],
        [
          0.0,
          0.0,
          0.0,
          1.0
        ]
      ]
    },
    {
      "file_path": "./images/0045.jpg",
      "sharpness": 67.8094834903649,
      "transform_matrix": [
        [
          -0.01760502971709402,
          0.4707395548717067,
          -0.8820965562053084,
          -3.19527813079314
        ],
        [
          -0.9998144537295449,
          -0.015186779364207304,
          0.011849888017912103,
          0.0036996681689455907
        ],
        [
          -0.007817994766185594,
          0.8821415041098228,
          0.47091957460495837,
          1.4627681898734528
        ],
        [
          0.0,
          0.0,
          0.0,
          1.0
        ]
      ]
    },
    {
      "file_path": "./images/0046.jpg",
      "sharpness": 43.44925919971348,
      "transform_matrix": [
        [
          -0.05591995910767556,
          0.4644981301691185,
          -0.8838067918409572,
          -3.0118290490199793
        ],
        [
          -0.9983445593495193,
          -0.03794402474930718,
          0.04322489795292043,
          0.123982096158872
        ],
        [
          -0.013457302507336568,
          0.8847608366765336,
          0.4658510093947261,
          1.3735104550175492
        ],
        [
          0.0,
          0.0,
          0.0,
          1.0
        ]
      ]
    },
    {
      "file_path": "./images/0048.jpg",
      "sharpness": 72.1299777970679,
      "transform_matrix": [
        [
          -0.08090692608209175,
          0.48833807420060477,
          -0.8688958479929614,
          -2.5717975924413894
        ],
        [
          -0.9966749098149054,
          -0.04808133434169814,
          0.06578228814333636,
          0.29830825847111886
        ],
        [
          -0.009653675867036764,
          0.8713289336612555,
          0.49060441902658497,
          1.0733531231055327
        ],
        [
          0.0,
          0.0,
          0.0,
          1.0
        ]
      ]
    },
    {
      "file_path": "./images/0050.jpg",
      "sharpness": 61.58448724407072,
      "transform_matrix": [
        [
          -0.05368830324220318,
          0.5176729667450022,
          -0.8538924204241525,
          -2.4858367823358867
        ],
        [
          -0.9985504615191422,
          -0.02456729039696746,
          0.04788970706175934,
          0.006207916816138678
        ],
        [
          0.0038133836708804563,
          0.8552257876171472,
          0.5182415559958775,
          1.125205372695476
        ],
        [
          0.0,
          0.0,
          0.0,
          1.0
        ]
      ]
    },
    {
      "file_path": "./images/0051.jpg",
      "sharpness": 55.73407832809682,
      "transform_matrix": [
        [
          -0.013907317604303767,
          0.5345884683473039,
          -0.844998080523591,
          -2.469853695550632
        ],
        [
          -0.9996856884252792,
          0.010195695325106915,
          0.022903540217951518,
          -0.12348459689609005
        ],
        [
          0.020859311464164282,
          0.8450510146543398,
          0.5342786462309072,
          1.1060813249395665
        ],
        [
          0.0,
          0.0,
          0.0,
          1.0
        ]
      ]
    },
    {
      "file_path": "./images/0054.jpg",
      "sharpness": 68.63266370598622,
      "transform_matrix": [
        [
          -0.03233304488198953,
          0.5255377128888967,
          -0.8501556837436206,
          -2.47671024133321
        ],
        [
          -0.9917084818135826,
          0.08897883626633869,
          0.09272029872519083,
          0.30174091284693855
        ],
        [
          0.12437387711513292,
          0.846104532010728,
          0.5183032506782842,
          1.1278865487530365
        ],
        [
          0.0,
          0.0,
          0.0,
          1.0
        ]
      ]
    },
    {
      "file_path": "./images/0052.jpg",
      "sharpness": 65.01365502888662,
      "transform_matrix": [
        [
          0.002084567799440913,
          0.526953625795176,
          -0.8498914818374309,
          -2.4704063790428252
        ],
        [
          -0.9983596398434758,
          0.04972437568296718,
          0.028381613670588217,
          -0.11103940585257667
        ],
        [
          0.057216117562272496,
          0.8484381903153018,
          0.5261928858954816,
          1.1124242625782845
        ],
        [
          0.0,
          0.0,
          0.0,
          1.0
        ]
      ]
    },
    {
      "file_path": "./images/0049.jpg",
      "sharpness": 171.61867796785447,
      "transform_matrix": [
        [
          -0.07751535837109501,
          0.5012600430161572,
          -0.8618176945000942,
          -2.5351073841544562
        ],
        [
          -0.9969831479940813,
          -0.04243735648897065,
          0.06498979450684268,
          0.22993238518838532
        ],
        [
          -0.003996477539892107,
          0.8642554252713675,
          0.5030373625464616,
          1.097952282613184
        ],
        [
          0.0,
          0.0,
          0.0,
          1.0
        ]
      ]
    },
    {
      "file_path": "./images/0057.jpg",
      "sharpness": 54.28862358680493,
      "transform_matrix": [
        [
          -0.32750259839286316,
          0.5321802784193562,
          -0.7807215888963467,
          -2.2602379989112564
        ],
        [
          -0.9331795405578811,
          -0.05271462311249269,
          0.3555237173442753,
          1.1190936764683252
        ],
        [
          0.14804726656650355,
          0.8449883548504518,
          0.5138839237519819,
          1.1189889305522456
        ],
        [
          0.0,
          0.0,
          0.0,
          1.0
        ]
      ]
    },
    {
      "file_path": "./images/0056.jpg",
      "sharpness": 69.71514238584793,
      "transform_matrix": [
        [
          -0.2113522846967469,
          0.535938424395862,
          -0.8173739762623734,
          -2.2202807768997417
        ],
        [
          -0.9656056747670124,
          0.015086009687149397,
          0.25957290530689764,
          0.7251837439202695
        ],
        [
          0.151446005609953,
          0.8441222764678106,
          0.5143167213079998,
          1.0953127886162572
        ],
        [
          0.0,
          0.0,
          0.0,
          1.0
        ]
      ]
    },
    {
      "file_path": "./images/0053.jpg",
      "sharpness": 36.777107928138165,
      "transform_matrix": [
        [
          0.0009483392024664777,
          0.5233432877414603,
          -0.8521214138197284,
          -2.45803385551747
        ],
        [
          -0.995605911350983,
          0.08028466503493213,
          0.048200019120423904,
          0.04550109352436847
        ],
        [
          0.0936374387532936,
          0.8483314068199878,
          0.5211198080364661,
          1.1384419605707021
        ],
        [
          0.0,
          0.0,
          0.0,
          1.0
        ]
      ]
    },
    {
      "file_path": "./images/0058.jpg",
      "sharpness": 60.05872477695796,
      "transform_matrix": [
        [
          -0.4422813519664747,
          0.5208555849012464,
          -0.7301346899314564,
          -2.110967925958651
        ],
        [
          -0.8857615059519836,
          -0.1259013597688153,
          0.4467386284865445,
          1.4291032049390118
        ],
        [
          0.14076135936158712,
          0.8443093670841499,
          0.5170376508785989,
          1.1341960904710195
        ],
        [
          0.0,
          0.0,
          0.0,
          1.0
        ]
      ]
    },
    {
      "file_path": "./images/0055.jpg",
      "sharpness": 78.60646459813003,
      "transform_matrix": [
        [
          -0.10509300740162857,
          0.5314816567056823,
          -0.8405252574682576,
          -2.3558539308191766
        ],
        [
          -0.9842453339038835,
          0.06525579973105969,
          0.164325297169651,
          0.5427405395102898
        ],
        [
          0.14218502904862573,
          0.8445525023632187,
          0.5162504124239384,
          1.103650000749581
        ],
        [
          0.0,
          0.0,
          0.0,
          1.0
        ]
      ]
    },
    {
      "file_path": "./images/0059.jpg",
      "sharpness": 66.64209102281328,
      "transform_matrix": [
        [
          -0.5469432764378451,
          0.5053187606040351,
          -0.6674623604387395,
          -1.7460770853616543
        ],
        [
          -0.8266813343543212,
          -0.2001923737106771,
          0.5258526266343507,
          1.5215524549923425
        ],
        [
          0.1321023232524838,
          0.8393902332936205,
          0.5272314600856026,
          1.1140944755372133
        ],
        [
          0.0,
          0.0,
          0.0,
          1.0
        ]
      ]
    },
    {
      "file_path": "./images/0061.jpg",
      "sharpness": 52.1653824254582,
      "transform_matrix": [
        [
          -0.7287070832911048,
          0.44359717231539053,
          -0.5217351200911984,
          -1.1010514235521485
        ],
        [
          -0.6754811607912199,
          -0.34015611746025165,
          0.6542316234870614,
          1.7521636056529841
        ],
        [
          0.11274390542528752,
          0.82916546269281,
          0.5475157050973893,
          1.1170926761189217
        ],
        [
          0.0,
          0.0,
          0.0,
          1.0
        ]
      ]
    },
    {
      "file_path": "./images/0060.jpg",
      "sharpness": 71.05535347181821,
      "transform_matrix": [
        [
          -0.6444541443258144,
          0.4816448762693454,
          -0.5938830432721457,
          -1.4369887632159208
        ],
        [
          -0.7541282006305117,
          -0.27199648398968423,
          0.5977529336699547,
          1.6270805368223102
        ],
        [
          0.1263705381059865,
          0.8330883061943124,
          0.5385112452331093,
          1.1084032225597231
        ],
        [
          0.0,
          0.0,
          0.0,
          1.0
        ]
      ]
    },
    {
      "file_path": "./images/0062.jpg",
      "sharpness": 196.74014705053645,
      "transform_matrix": [
        [
          -0.8219545191492041,
          0.3869960083624604,
          -0.4178813922910903,
          -0.7894011858387769
        ],
        [
          -0.5594962880058303,
          -0.41136554786726665,
          0.7195431117977319,
          1.844219419664864
        ],
        [
          0.10655830422706548,
          0.8252348002783996,
          0.5546466012436578,
          1.0811641957635711
        ],
        [
          0.0,
          0.0,
          0.0,
          1.0
        ]
      ]
    },
    {
      "file_path": "./images/0063.jpg",
      "sharpness": 220.01479255771758,
      "transform_matrix": [
        [
          -0.902255592092432,
          0.3064822609849449,
          -0.3033207383297551,
          -0.6198213611298744
        ],
        [
          -0.42065150459379846,
          -0.47094885193312547,
