{
  "camera_angle_x": 0.6356675550555384,
  "camera_angle_y": 1.0578373860892474,
  "fl_x": 1094.2681248755468,
  "fl_y": 1095.017746643123,
  "k1": 0.15464641327310827,
  "k2": -0.2739624035223981,
  "k3": 0,
  "k4": 0,
  "p1": -0.00021373701607818366,
  "p2": 9.947017623348914e-05,
  "is_fisheye": false,
  "cx": 358.66064945742625,
  "cy": 639.060801510059,
  "w": 720.0,
  "h": 1280.0,
  "aabb_scale": 32,
  "frames": [
    {
      "file_path": "./images/0011.jpg",
      "sharpness": 32.22168185746935,
      "transform_matrix": [
        [
          -0.1647799314369923,
          -0.4142156132552722,
          0.8951385367268284,
          3.6336828081551453
        ],
        [
          0.9763043722514578,
          0.06057406797953475,
          0.20775118556652292,
          0.8866051557759073
        ],
        [
          -0.14027596730873945,
          0.9081608932907801,
          0.3944191235074137,
          2.2661982065622635
        ],
        [
          0.0,
          0.0,
          0.0,
          1.0
        ]
      ]
    },
    {
      "file_path": "./images/0010.jpg",
      "sharpness": 43.155726989364595,
      "transform_matrix": [
        [
          -0.2805240413695777,
          -0.3928565096813153,
          0.8757682484635775,
          3.569017726218265
        ],
        [
          0.9507411692651739,
          0.011653395261331363,
          0.3097667308417276,
          1.3161793777022843
        ],
        [
          -0.13189955025054245,
          0.9195259437671387,
          0.37023579983346316,
          2.132229642308829
        ],
        [
          0.0,
          0.0,
          0.0,
          1.0
        ]
      ]
    },
    {
      "file_path": "./images/0008.jpg",
      "sharpness": 32.310173088879054,
      "transform_matrix": [
        [
          -0.48072729847240003,
          -0.3579249473533178,
          0.8004942201963866,
          3.278186292926774
        ],
        [
          0.8673803641459817,
          -0.06015879810294189,
          0.4939961771086819,
          2.0730761247229035
        ],
        [
          -0.12865678550899884,
          0.9318104158878452,
          0.33937704766362575,
          1.9554966492282932
        ],
        [
          0.0,
          0.0,
          0.0,
          1.0
        ]
      ]
    },
    {
      "file_path": "./images/0007.jpg",
      "sharpness": 55.68556855461214,
      "transform_matrix": [
        [
          -0.5668353139164938,
          -0.33830463491374313,
          0.7511642303087503,
          2.92329441074401
        ],
        [
          0.8146752900702169,
          -0.09462284932745228,
          0.5721456879391478,
          2.572224376035249
        ],
        [
          -0.1224822382910492,
          0.9362673178461074,
          0.32924399908265206,
          1.8561441960726177
        ],
        [
          0.0,
          0.0,
          0.0,
          1.0
        ]
      ]
    },
    {
      "file_path": "./images/0005.jpg",
      "sharpness": 55.92186608734133,
      "transform_matrix": [
        [
          -0.7236856565083454,
          -0.27911726606007187,
          0.6311676658016511,
          2.721419455869866
        ],
        [
          0.6822343839861537,
          -0.15139581062935897,
          0.7152870430282596,
          3.387915100823428
        ],
        [
          -0.10409282349115975,
          0.9482472569959869,
          0.29998637267831324,
          1.676025122599389
        ],
        [
          0.0,
          0.0,
          0.0,
          1.0
        ]
      ]
    },
    {
      "file_path": "./images/0009.jpg",
      "sharpness": 56.496304674500585,
      "transform_matrix": [
        [
          -0.3793385125198225,
          -0.3757537896898502,
          0.8455243239879224,
          3.48948693656582
        ],
        [
          0.9166751213228249,
          -0.028442695147999245,
          0.39861978768458145,
          1.6985710222916084
        ],
        [
          -0.12573390528043843,
          0.9262829495942645,
          0.3552335604209515,
          2.0551314716120412
        ],
        [
          0.0,
          0.0,
          0.0,
          1.0
        ]
      ]
    },
    {
      "file_path": "./images/0006.jpg",
      "sharpness": 85.87226699184374,
      "transform_matrix": [
        [
          -0.6514100696298156,
          -0.3083069422635083,
          0.6932616753717697,
          2.7829375540955796
        ],
        [
          0.7500179159036285,
          -0.12362524112354076,
          0.6497614375091233,
          2.9770419768505985
        ],
        [
          -0.1146213202196345,
          0.9432198201887797,
          0.31176645722338525,
          1.784468360858652
        ],
        [
          0.0,
          0.0,
          0.0,
          1.0
        ]
      ]
    },
    {
      "file_path": "./images/0012.jpg",
      "sharpness": 51.812587642574314,
      "transform_matrix": [
        [
          -0.04568442163254166,
          -0.4301614508420792,
          0.9015952860523428,
          3.7336798701413407
        ],
        [
          0.9861569367965073,
          0.12459205185025247,
          0.109413512497643,
          0.505302624270384
        ],
        [
          -0.15939708190549087,
          0.8941129385607888,
          0.4185147828615756,
          2.354415701061911
        ],
        [
          0.0,
          0.0,
          0.0,
          1.0
        ]
      ]
    },
    {
      "file_path": "./images/0003.jpg",
      "sharpness": 97.29014840668098,
      "transform_matrix": [
        [
          -0.8136707622027819,
          -0.2311069163832885,
          0.5334130519010761,
          2.4637474366141623
        ],
        [
          0.5741545979774203,
          -0.17580194404171232,
          0.7996500323177259,
          3.9497246132284616
        ],
        [
          -0.0910296016533148,
          0.9569134076616143,
          0.2757360004709991,
          1.5508280121669415
        ],
        [
          0.0,
          0.0,
          0.0,
          1.0
        ]
      ]
    },
    {
      "file_path": "./images/0004.jpg",
      "sharpness": 116.08948008968096,
      "transform_matrix": [
        [
          -0.774757068535399,
          -0.25277870135741015,
          0.579529475433963,
          2.6352276263866847
        ],
        [
          0.6252350777707373,
          -0.17006092529831934,
          0.7616825974806686,
          3.637150813759106
        ],
        [
          -0.09398181900775295,
          0.9524611330219392,
          0.28980201495852953,
          1.6039940151285061
        ],
        [
          0.0,
          0.0,
          0.0,
          1.0
        ]
      ]
    },
    {
      "file_path": "./images/0015.jpg",
      "sharpness": 16.06762346756429,
      "transform_matrix": [
        [
          0.3230176697626764,
          -0.3920244505934791,
          0.8613805286632846,
          3.6792505916572718
        ],
        [
          0.9134322965532972,
          0.3672581327452803,
          -0.17539356783821336,
          -0.24131338370853253
        ],
        [
          -0.2475904374706148,
          0.8434680160776588,
          0.4767186604514183,
          2.4386417666558238
        ],
        [
          0.0,
          0.0,
          0.0,
          1.0
        ]
      ]
    },
    {
      "file_path": "./images/0001.jpg",
      "sharpness": 135.89089624235245,
      "transform_matrix": [
        [
          -0.8689748577932493,
          -0.20108776250292063,
          0.4521575038601476,
          2.2584174003292348
        ],
        [
          0.4857372793784836,
          -0.1720042647017551,
          0.8570144855482875,
          4.432941481702507
        ],
        [
          -0.09456210635065095,
          0.964353796481672,
          0.2471432041335154,
          1.4320396977237355
        ],
        [
          0.0,
          0.0,
          0.0,
          1.0
        ]
      ]
    },
    {
      "file_path": "./images/0020.jpg",
      "sharpness": 4.374826385455663,
      "transform_matrix": [
        [
          0.18233012473499646,
          -0.455980221904896,
          0.871112944943393,
          3.5389046657391954
        ],
        [
          0.951648589071289,
          0.3046072507145932,
          -0.039741487439702815,
          0.25353653664581904
        ],
        [
          -0.24722598695951348,
          0.8362394753391504,
          0.48947201283818376,
          2.236078359016275
        ],
        [
          0.0,
          0.0,
          0.0,
          1.0
        ]
      ]
    },
    {
      "file_path": "./images/0002.jpg",
      "sharpness": 161.37796954175693,
      "transform_matrix": [
        [
          -0.8489903272036634,
          -0.21359669483941857,
          0.4833134348128153,
          2.3246900734960243
        ],
        [
          0.5198819904439199,
          -0.1739979162686161,
          0.8363297443230427,
          4.326953985420851
        ],
        [
          -0.09454173862124036,
          0.9613018137817504,
          0.25876762273100734,
          1.463839163710595
        ],
        [
          0.0,
          0.0,
          0.0,
          1.0
        ]
      ]
    },
    {
      "file_path": "./images/0014.jpg",
      "sharpness": 39.6848660735978,
      "transform_matrix": [
        [
          0.19941342759712677,
          -0.41831262391355073,
          0.8861426711149815,
          3.516105046510259
        ],
        [
          0.9547696622010339,
          0.2864891919981258,
          -0.07961680163120713,
          0.21526127318084
        ],
        [
          -0.22056558464483703,
          0.8619387980699722,
          0.45652199437424656,
          2.438363551827313
        ],
        [
          0.0,
          0.0,
          0.0,
          1.0
        ]
      ]
    },
    {
      "file_path": "./images/0025.jpg",
      "sharpness": 10.170205926890434,
      "transform_matrix": [
        [
          -0.4580038249013155,
          -0.5999856307077769,
          0.6559342492370899,
          2.6103787696537757
        ],
        [
          0.8753719217642705,
          -0.17592758886097748,
          0.4503037665370893,
          1.8665804036257356
        ],
        [
          -0.15477885845622633,
          0.7804272717471311,
          0.6057860831876082,
          2.663426277234358
        ],
        [
          0.0,
          0.0,
          0.0,
          1.0
        ]
      ]
    },
    {
      "file_path": "./images/0016.jpg",
      "sharpness": 37.26892794795566,
      "transform_matrix": [
        [
          0.4147577668628807,
          -0.35686658573375085,
          0.837031800361205,
          3.943993712079451
        ],
        [
          0.86918463571997,
          0.42757190324153643,
          -0.2483955246777841,
          -0.6162560669941858
        ],
        [
          -0.26924721715082583,
          0.8305591535970758,
          0.487521721083391,
          2.461183064680871
        ],
        [
          0.0,
          0.0,
          0.0,
          1.0
        ]
      ]
    },
    {
      "file_path": "./images/0013.jpg",
      "sharpness": 54.78810408526763,
      "transform_matrix": [
        [
          0.0695999986298675,
          -0.4306097410863072,
          0.899850593751304,
          3.5950235723296284
        ],
        [
          0.9789602780910934,
          0.20292682795496472,
          0.02138870050151683,
          0.2753497804713479
        ],
        [
          -0.19181400940847448,
          0.8794293339736117,
          0.435673538830214,
          2.4194252245531507
        ],
        [
          0.0,
          0.0,
          0.0,
          1.0
        ]
      ]
    },
    {
      "file_path": "./images/0019.jpg",
      "sharpness": 48.81795133190393,
      "transform_matrix": [
        [
          0.3568788119372735,
          -0.38588849314766355,
          0.8507218020297437,
          3.9510654303263695
        ],
        [
          0.8964355515336457,
          0.39762836134323887,
          -0.19569105318142974,
          -0.7224955188587007
        ],
        [
          -0.26275619046539306,
          0.8324552583703727,
          0.48782930137405317,
          2.409701650890606
        ],
        [
          0.0,
          0.0,
          0.0,
          1.0
        ]
      ]
    },
    {
      "file_path": "./images/0026.jpg",
      "sharpness": 37.910742012075715,
      "transform_matrix": [
        [
          -0.5040972320694561,
          -0.6223202182731831,
          0.5988351413791607,
          2.4750677117624864
        ],
        [
          0.847329121108797,
          -0.22222656623573112,
          0.4823367225012712,
          1.856941721849751
        ],
        [
          -0.16709081721818328,
          0.7505550607722107,
          0.6393338405293822,
          2.9436908810066345
        ],
        [
          0.0,
          0.0,
          0.0,
          1.0
        ]
      ]
    },
    {
      "file_path": "./images/0024.jpg",
      "sharpness": 28.28785478487249,
      "transform_matrix": [
        [
          -0.38809979163914626,
          -0.5687109546840416,
          0.7252216225087927,
          2.875316493286269
        ],
        [
          0.9063191763523514,
          -0.09273217097579592,
          0.41229394263717906,
          1.6246601639048497
        ],
        [
          -0.16722470623380806,
          0.8172934568166562,
          0.5514229802657521,
          2.421443232999059
        ],
        [
          0.0,
          0.0,
          0.0,
          1.0
        ]
      ]
    },
    {
      "file_path": "./images/0022.jpg",
      "sharpness": 40.469040538221506,
      "transform_matrix": [
        [
          -0.145007795655012,
          -0.5150417574220305,
          0.8448104682786364,
          3.174672454137937
        ],
        [
          0.9682417003771129,
          0.10189033034295722,
          0.22831200215196443,
          0.8070303600738513
        ],
        [
          -0.20366823251898888,
          0.8510877444561306,
          0.48391001476993006,
          2.1911598994626083
        ],
        [
          0.0,
          0.0,
          0.0,
          1.0
        ]
      ]
    },
    {
      "file_path": "./images/0023.jpg",
      "sharpness": 44.343334656816644,
      "transform_matrix": [
        [
          -0.2790439546050355,
          -0.5349643988076601,
          0.7974632050502458,
          3.0698662052459214
        ],
        [
          0.942674813985492,
          0.005677770727541938,
          0.3336644393551431,
          1.346679413853721
        ],
        [
          -0.18302640944504522,
          0.8448555231497455,
          0.5027131175377174,
          2.1676496218614845
        ],
        [
          0.0,
          0.0,
          0.0,
          1.0
        ]
      ]
    },
    {
      "file_path": "./images/0017.jpg",
      "sharpness": 98.74122612694636,
      "transform_matrix": [
        [
          0.46545879769293513,
          -0.3323028096491711,
          0.8203188101901496,
          4.049148352675959
        ],
        [
          0.8417422010415191,
          0.4526417913428836,
          -0.2942541007511745,
          -0.8089024045618011
        ],
        [
          -0.2735291112863267,
          0.8274601207970741,
          0.4903994023904093,
          2.45254556819267
        ],
        [
          0.0,
          0.0,
          0.0,
          1.0
        ]
      ]
    },
    {
      "file_path": "./images/0021.jpg",
      "sharpness": 52.01221835835656,
      "transform_matrix": [
        [
          0.012538852987794247,
          -0.500877402111468,
          0.8654274118735122,
          3.3278447899861563
        ],
        [
          0.9747082054774013,
          0.19925513828675237,
          0.1011993287257845,
          0.5888485017687942
        ],
        [
          -0.22312931549759832,
          0.8422702760928269,
          0.4907077446622918,
          2.2845017200453532
        ],
        [
          0.0,
          0.0,
          0.0,
          1.0
        ]
      ]
    },
    {
      "file_path": "./images/0018.jpg",
      "sharpness": 104.45701921453477,
      "transform_matrix": [
        [
          0.45113536434907725,
          -0.34079241227637735,
          0.8248256875066036,
          4.051781798600765
        ],
        [
          0.85127647711018,
          0.4418240601909858,
          -0.28305451674267934,
          -0.9230602670846608
        ],
        [
          -0.267965002637527,
          0.8298506080319644,
          0.48943102252096354,
          2.451494510459627
        ],
        [
          0.0,
          0.0,
          0.0,
          1.0
        ]
      ]
    },
    {
      "file_path": "./images/0027.jpg",
      "sharpness": 59.17052156095034,
      "transform_matrix": [
        [
          -0.5182404107845865,
          -0.6538700025486992,
          0.5512539309601843,
          2.236188595568797
        ],
        [
          0.836507877122516,
          -0.25339698574724545,
          0.4858441511630972,
          1.8059942525723887
        ],
        [
          -0.17799283187265416,
          0.712912328018998,
          0.6782879657313349,
          3.154962877517208
        ],
        [
          0.0,
          0.0,
          0.0,
          1.0
        ]
      ]
    },
    {
      "file_path": "./images/0030.jpg",
      "sharpness": 47.4131293398963,
      "transform_matrix": [
        [
          -0.5328760926703311,
          -0.604477982774267,
          0.592156599392274,
          2.136439104408538
        ],
        [
          0.8284633505529464,
          -0.23018444819804026,
          0.5105522467794534,
          1.7689433309239628
        ],
        [
          -0.17231235215617513,
          0.7626411267524559,
          0.6234476442939034,
          3.156526536971513
        ],
        [
          0.0,
          0.0,
          0.0,
          1.0
        ]
      ]
    },
    {
      "file_path": "./images/0031.jpg",
      "sharpness": 24.142828775305805,
      "transform_matrix": [
        [
          -0.574576528648978,
          -0.5258001552635597,
          0.6272128900562987,
          2.4601264753024212
        ],
        [
          0.8051943143404153,
          -0.2257787789183869,
          0.5483484833909811,
          1.8506224577106725
        ],
        [
          -0.14671035726673187,
          0.8200964210310734,
          0.5530984825310579,
          2.7435427433131507
        ],
        [
          0.0,
          0.0,
          0.0,
          1.0
        ]
      ]
    },
    {
      "file_path": "./images/0033.jpg",
      "sharpness": 19.002555308022895,
      "transform_matrix": [
        [
          -0.7524763706219836,
          -0.34478467973218774,
          0.561162041018286,
          2.631196265641545
        ],
        [
          0.6554912786999416,
          -0.3091072226629301,
          0.6890456505480052,
          2.4926630621241603
        ],
        [
          -0.06411314398202742,
          0.8863273941421717,
          0.4585992316362445,
          2.112930220606429
        ],
        [
          0.0,
          0.0,
          0.0,
          1.0
        ]
      ]
    },
    {
      "file_path": "./images/0034.jpg",
      "sharpness": 20.778403824275216,
      "transform_matrix": [
        [
          -0.8485018510691817,
          -0.22918445738579432,
          0.4769896154291195,
          2.5217349352538356
        ],
        [
          0.5291841714135374,
          -0.3624362580417065,
          0.767205364733128,
          2.704279737072341
        ],
        [
          -0.0029532138789496523,
          0.9033905265399863,
          0.42880862302553835,
          1.9284074033814238
        ],
        [
          0.0,
          0.0,
          0.0,
          1.0
        ]
      ]
    },
    {
      "file_path": "./images/0029.jpg",
      "sharpness": 57.42008158229785,
      "transform_matrix": [
        [
          -0.5192126013357724,
          -0.6538823102785067,
          0.5503237219321474,
          2.001464864482218
        ],
        [
          0.8336122333743947,
          -0.245493138970309,
          0.49479668873210614,
          1.761365042788693
        ],
        [
          -0.1884381039993585,
          0.7156612628076899,
          0.672547424330133,
          3.360862046702367
        ],
        [
          0.0,
          0.0,
          0.0,
          1.0
        ]
      ]
    },
    {
      "file_path": "./images/0036.jpg",
      "sharpness": 14.259774286265426,
      "transform_matrix": [
        [
          -0.972211215911549,
          0.024846321470191512,
          0.23278318660817365,
          1.6494471795084442
        ],
        [
          0.20306867078977595,
          -0.4052553176672455,
          0.8913648201153622,
          3.326976402847791
        ],
        [
          0.11648376110429487,
          0.9138658478718655,
          0.3889482556689267,
          1.8579850181041653
        ],
        [
          0.0,
          0.0,
          0.0,
          1.0
        ]
      ]
    },
    {
      "file_path": "./images/0032.jpg",
      "sharpness": 39.247770163301794,
      "transform_matrix": [
        [
          -0.6433207231526743,
          -0.44710790789137744,
          0.6214764403141799,
          2.672504076827763
        ],
        [
          0.758034028714037,
          -0.2581712039200233,
          0.5989424353568971,
          2.072865472608457
        ],
        [
          -0.10734457841594652,
          0.8564123704428391,
          0.5050098942918316,
          2.3564931211045916
        ],
        [
          0.0,
          0.0,
          0.0,
          1.0
        ]
      ]
    },
    {
      "file_path": "./images/0035.jpg",
      "sharpness": 34.90088974269819,
      "transform_matrix": [
        [
          -0.9294815223926344,
          -0.10171068597143335,
          0.3545688027621146,
          2.2133707298845864
        ],
        [
          0.36472090071079655,
          -0.3971548643901911,
          0.8421678445352283,
          3.0980841557337486
        ],
        [
          0.055161255607218525,
          0.9120981033560747,
          0.4062441209784495,
          1.8618783244727455
        ],
        [
          0.0,
          0.0,
          0.0,
          1.0
        ]
      ]
    },
    {
      "file_path": "./images/0037.jpg",
      "sharpness": 27.801360161105496,
      "transform_matrix": [
        [
          -0.986608035251536,
          0.13584070873766413,
          0.09028779889343251,
          1.0037168930242377
        ],
        [
          0.03084242761857827,
          -0.3881863769452157,
          0.9210646456714849,
          3.508032686779099
        ],
        [
          0.1601665677960199,
          0.9115144753078073,
          0.3787981414424342,
          1.9122012738073404
        ],
        [
          0.0,
          0.0,
          0.0,
          1.0
        ]
      ]
    },
    {
      "file_path": "./images/0039.jpg",
      "sharpness": 31.56279181013696,
      "transform_matrix": [
        [
          -0.9497576731546441,
          0.29464234030961683,
          -0.10557581912074694,
          -0.29944294475187366
        ],
        [
          -0.2042362012030799,
          -0.32782824347745587,
          0.9223969953278358,
          3.987942447408045
        ],
        [
          0.23716647406190428,
          0.8976160282435252,
          0.3715340220179437,
          2.049373556242435
        ],
        [
          0.0,
          0.0,
          0.0,
          1.0
        ]
      ]
    },
    {
      "file_path": "./images/0038.jpg",
      "sharpness": 29.82874125607337,
      "transform_matrix": [
        [
          -0.9732858606661376,
          0.22903251349055984,
          -0.0160854342136116,
          0.24721002204553072
        ],
        [
          -0.1012604548886074,
          -0.3653219052359815,
          0.9253573503915679,
          3.9066961054883707
        ],
        [
          0.206060558363681,
          0.9022660435851448,
          0.378754581458131,
          2.0148851835992576
        ],
        [
          0.0,
          0.0,
          0.0,
          1.0
        ]
      ]
    },
    {
      "file_path": "./images/0028.jpg",
      "sharpness": 106.55513019356428,
      "transform_matrix": [
        [
          -0.5189162638291807,
          -0.6664653271605547,
          0.535303538965144,
          2.0006130303499763
        ],
        [
          0.8340086738940837,
          -0.2573674246524535,
          0.4880487072930265,
          1.7539936691653064
        ],
        [
          -0.18749784814552936,
          0.6997042064182885,
          0.68939000613355,
          3.3563397253573344
        ],
        [
          0.0,
          0.0,
          0.0,
          1.0
        ]
      ]
    },
    {
      "file_path": "./images/0040.jpg",
      "sharpness": 22.381591846037498,
      "transform_matrix": [
        [
          -0.9239327105805503,
          0.337204987915809,
          -0.18066859839563895,
          -0.7118845157292231
        ],
        [
          -0.2856069398593821,
          -0.29381697027689796,
          0.9121952992504742,
          3.942043432951434
        ],
        [
          0.25451330465583377,
          0.8944072809317889,
          0.3677751944664536,
          2.170823537119403
        ],
        [
          0.0,
          0.0,
          0.0,
          1.0
        ]
      ]
    },
    {
      "file_path": "./images/0044.jpg",
      "sharpness": 11.826841281409317,
      "transform_matrix": [
        [
          -0.9229403599378486,
          0.3477393253794979,
          -0.16510134337634766,
          -0.8012245580500752
        ],
        [
          -0.2581664651721153,
          -0.24101691747257875,
          0.9355538048908516,
          4.425850001010206
        ],
        [
          0.28553663211781816,
          0.9060839956418256,
          0.31221887299781337,
          2.10522680891571
        ],
        [
          0.0,
          0.0,
          0.0,
          1.0
        ]
      ]
    },
    {
      "file_path": "./images/0041.jpg",
      "sharpness": 43.606699014998085,
      "transform_matrix": [
        [
          -0.9033125961993264,
          0.3621763406579378,
          -0.2299013958581516,
          -0.9311439521490211
        ],
        [
          -0.3372882653485517,
          -0.2684743950433422,
          0.9023071125495324,
          4.169956023772122
        ],
        [
          0.2650716500001825,
          0.8926084234164426,
          0.36467413249044695,
          2.207951622539847
        ],
        [
          0.0,
          0.0,
          0.0,
          1.0
        ]
      ]
    },
    {
      "file_path": "./images/0045.jpg",
      "sharpness": 33.14910806948343,
      "transform_matrix": [
        [
          -0.94426104841161,
          0.31917447478345107,
          -0.08061468291560568,
          -0.40622910012917374
        ],
        [
          -0.16623252833650404,
          -0.2509308837684528,
          0.9536248938588142,
          4.501791519382447
        ],
        [
          0.2841440110090849,
          0.913871624628641,
          0.2900014393097802,
          2.0254840156766676
        ],
        [
          0.0,
          0.0,
          0.0,
          1.0
        ]
      ]
    },
    {
      "file_path": "./images/0042.jpg",
      "sharpness": 69.2835896580908,
      "transform_matrix": [
        [
          -0.8952298371337896,
          0.37351978871535907,
          -0.2429948685583926,
          -0.9872862009070726
        ],
        [
          -0.3491120987201494,
          -0.24902989805597675,
          0.903385218217921,
          4.287379586748757
        ],
        [
          0.2769192684921144,
          0.8935698503149495,
          0.3533392724300222,
          2.1881346049985884
        ],
        [
          0.0,
          0.0,
          0.0,
          1.0
        ]
      ]
    },
    {
      "file_path": "./images/0046.jpg",
      "sharpness": 30.124703767130118,
      "transform_matrix": [
        [
          -0.9580330341265023,
          0.286565447646762,
          -0.00727665717537293,
          -0.055781795641060485
        ],
        [
          -0.08660942503473384,
          -0.26516412364120534,
          0.9603055738263435,
          4.623419903739671
        ],
        [
          0.27326088821828143,
          0.9206346896755773,
          0.2788552585689859,
          1.964166061620203
        ],
        [
          0.0,
          0.0,
          0.0,
          1.0
        ]
      ]
    },
    {
      "file_path": "./images/0043.jpg",
      "sharpness": 62.292792832645354,
      "transform_matrix": [
        [
          -0.901406348747872,
          0.3675631656389985,
          -0.22883162741355517,
          -0.8896491437014316
        ],
        [
          -0.32939891385413167,
          -0.23916372493077248,
          0.9133986360413258,
          4.363642097967908
        ],
        [
          0.28100346975949664,
          0.8987202189907965,
          0.33665860757706056,
          2.1674280030593054
        ],
        [
          0.0,
          0.0,
          0.0,
          1.0
        ]
      ]
    },
    {
      "file_path": "./images/0050.jpg",
      "sharpness": 22.601757580396853,
      "transform_matrix": [
        [
          -0.9644225894027069,
          0.08644664681768958,
          0.24983203618836425,
          1.0950262915791131
        ],
        [
          0.20552691778937043,
          -0.34921200467717145,
          0.9142262640870424,
          4.34786771934028
        ],
        [
          0.1662761411529068,
          0.9330476692736251,
          0.319020832927602,
          1.8118289305638324
        ],
        [
          0.0,
          0.0,
          0.0,
          1.0
        ]
      ]
    },
    {
      "file_path": "./images/0052.jpg",
      "sharpness": 15.12843947414822,
      "transform_matrix": [
        [
          -0.9111629288695509,
          0.020518298660576303,
          0.41153507320300864,
          1.288680350292034
        ],
        [
          0.4005679757791293,
          -0.1899883926632977,
          0.8963535616745358,
          3.3100705395073424
        ],
        [
          0.0965785371663217,
          0.9815719077930684,
          0.16489140694941,
          -0.12435340754202233
        ],
        [
          0.0,
          0.0,
          0.0,
          1.0
        ]
      ]
    },
    {
      "file_path": "./images/0051.jpg",
      "sharpness": 25.25305982106527,
      "transform_matrix": [
        [
          -0.9373760702144741,
          0.03905757033928595,
          0.34612224602115566,
          1.330697342838427
        ],
        [
          0.3213870629161991,
          -0.2861517162983805,
          0.9026779886220716,
          3.6804458817832426
        ],
        [
          0.13429988378233573,
          0.9573879577023603,
          0.255679173492917,
          0.8061508858876267
        ],
        [
          0.0,
          0.0,
          0.0,
          1.0
        ]
      ]
    },
    {
      "file_path": "./images/0055.jpg",
      "sharpness": 12.182871958074449,
      "transform_matrix": [
        [
          -0.8563920728329553,
          0.007441922406915637,
          0.516272442981448,
          1.6120145351983426
        ],
        [
          0.5153482851662979,
          -0.04918711405769237,
          0.8555680994988243,
          3.332711734314899
        ],
        [
          0.03176102294807442,
          0.9987618563486546,
          0.03828827261379359,
          -0.7295733537746727
        ],
        [
          0.0,
          0.0,
          0.0,
          1.0
        ]
      ]
    },
    {
      "file_path": "./images/0053.jpg",
      "sharpness": 22.511039448486137,
      "transform_matrix": [
        [
          -0.8858524132563044,
          0.019178270534854748,
          0.4635705942675203,
          1.4983818849228758
        ],
        [
          0.45927362310220005,
          -0.10551144440137429,
          0.8820062779346372,
          3.3250194603253878
        ],
        [
          0.06582735799484031,
          0.9942331362084929,
          0.08465949385573908,
          -0.5120338306828219
        ],
        [
          0.0,
          0.0,
          0.0,
          1.0
        ]
      ]
    },
    {
      "file_path": "./images/0047.jpg",
      "sharpness": 66.07922959459088,
      "transform_matrix": [
        [
          -0.9665657483349337,
          0.2527824412522332,
          0.04303128562521891,
          0.1853483751906027
        ],
        [
          -0.034063568589561714,
          -0.29290995970964023,
          0.9555330600722507,
          4.7673386913123865
        ],
        [
          0.2541462717610173,
          0.9221197281181125,
          0.29172740642733597,
          1.99271430020396
        ],
        [
          0.0,
          0.0,
          0.0,
          1.0
        ]
      ]
    },
    {
      "file_path": "./images/0048.jpg",
      "sharpness": 71.71143546789543,
      "transform_matrix": [
        [
          -0.9733676655233688,
          0.2071483520852984,
          0.09820869586854572,
          0.30939186713079647
        ],
        [
          0.023413136536674727,
          -0.336326229743563,
          0.9414544557848742,
          4.672220042923702
        ],
        [
          0.22805089948869833,
          0.9186806994293556,
          0.3225190844490481,
          1.96424452085552
        ],
        [
          0.0,
          0.0,
          0.0,
          1.0
        ]
      ]
    },
    {
      "file_path": "./images/0057.jpg",
      "sharpness": 21.727640637993513,
      "transform_matrix": [
        [
          -0.7707866268358029,
          -0.07152043173429544,
          0.6330661922247097,
          2.1285893775562914
        ],
        [
          0.6363744333588435,
          -0.03923739760993234,
          0.7703817282939732,
          3.0833247695450257
        ],
        [
          -0.03025816391007083,
          0.9966670730832881,
          0.07575743556806706,
          -0.7012569001309583
        ],
        [
          0.0,
          0.0,
          0.0,
          1.0
        ]
      ]
    },
    {
      "file_path": "./images/0049.jpg",
      "sharpness": 90.97352415967399,
      "transform_matrix": [
        [
          -0.9740803914006159,
          0.14909900079406552,
          0.17010843322217303,
          0.6289869180281893
        ],
        [
          0.10549989967278266,
          -0.36576559022507565,
          0.9247082265609695,
          4.498348385296063
        ],
        [
          0.2000928840860639,
          0.918686573898312,
          0.3405551596622328,
          1.9389429556561801
        ],
        [
          0.0,
          0.0,
          0.0,
          1.0
        ]
      ]
    },
    {
      "file_path": "./images/0059.jpg",
      "sharpness": 31.64011148291576,
      "transform_matrix": [
        [
          -0.5890903602330577,
          -0.18575162054006591,
          0.7864279260997121,
          2.567853880092501
        ],
        [
          0.79813177267789,
          0.018394366944680822,
          0.6022020597772411,
          2.325732674558823
        ],
        [
          -0.12632585234441077,
          0.9824245430686239,
          0.13741832592973247,
          -0.516837334348382
        ],
        [
          0.0,
          0.0,
          0.0,
          1.0
        ]
      ]
    },
    {
      "file_path": "./images/0058.jpg",
      "sharpness": 48.12020284016925,
      "transform_matrix": [
        [
          -0.6957798505379852,
          -0.1277015961322044,
          0.7068116453008502,
          2.365682392589018
        ],
        [
          0.7140019389136248,
          -0.016039782094136493,
          0.6999599679347065,
          2.694333633343525
        ],
        [
          -0.07804890036168492,
          0.991682927063719,
          0.10233934442887867,
          -0.6306096127327003
        ],
        [
          0.0,
          0.0,
          0.0,
          1.0
        ]
      ]
    },
    {
      "file_path": "./images/0061.jpg",
      "sharpness": 38.19443884276283,
      "transform_matrix": [
        [
          -0.35280595985714486,
          -0.26357206318111653,
          0.8978071742874393,
          2.943636424570387
        ],
        [
          0.9096824321492405,
          0.12806039273693648,
          0.3950675999677808,
          1.3771720694677454
        ],
        [
          -0.21910232176080863,
          0.9561016177219263,
          0.19458640570195368,
          -0.2875437745699597
        ],
        [
          0.0,
          0.0,
          0.0,
          1.0
        ]
      ]
    },
    {
      "file_path": "./images/0054.jpg",
      "sharpness": 70.82569294535202,
      "transform_matrix": [
        [
          -0.8741130153523725,
          0.020720906309328165,
          0.48528041423034096,
          1.5844746071881382
        ],
        [
          0.4831908779419758,
          -0.06477935233649665,
          0.8731152335618277,
          3.3490183335528885
        ],
        [
          0.04952788988731017,
          0.9976844589588244,
          0.046612322092071196,
          -0.6843670464132782
        ],
        [
          0.0,
          0.0,
          0.0,
          1.0
        ]
      ]
    },
    {
      "file_path": "./images/0062.jpg",
      "sharpness": 33.93809004357892,
      "transform_matrix": [
        [
          -0.24819866925423312,
          -0.2805199773781842,
          0.9272033018030289,
          3.108990003654062
        ],
        [
          0.9342187362053964,
          0.18381822355216512,
          0.3056897343813112,
          0.9734944428205458
        ],
        [
          -0.25618894118252344,
          0.9420824820940179,
          0.21644358027628918,
          -0.19682027773162375
        ],
        [
          0.0,
          0.0,
          0.0,
          1.0
        ]
      ]
    },
    {
      "file_path": "./images/0060.jpg",
      "sharpness": 57.02020072173012,
      "transform_matrix": [
        [
          -0.48108183446837677,
          -0.23271412221374646,
          0.8452244706994083,
          2.7934552284550205
        ],
        [
          0.8584392280617194,
          0.07057988467707661,
          0.5080359944895327,
          1.9241311858297494
        ],
        [
          -0.17788299617882672,
          0.9699807303710659,
          0.16581623103521456,
          -0.4331196889340972
        ],
        [
          0.0,
          0.0,
          0.0,
          1.0
        ]
      ]
    },
    {
      "file_path": "./images/0056.jpg",
      "sharpness": 65.00699755429747,
      "transform_matrix": [
        [
          -0.8268414973692381,
          -0.022942973923637762,
          0.5619668657296476,
          1.79603672825225
        ],
        [
          0.5623847771204807,
          -0.047079124060293305,
          0.8255343231108329,
          3.275720675157198
        ],
        [
          0.007516695341260613,
          0.9986276463831243,
          0.05182975270937117,
          -0.7221448683467572
        ],
        [
          0.0,
          0.0,
          0.0,
          1.0
        ]
      ]
    },
    {
      "file_path": "./images/0063.jpg",
      "sharpness": 30.191114867862655,
      "transform_matrix": [
        [
          -0.1881864367099133,
          -0.2854183234396623,
          0.9397458410046765,
          3.252192992669472
        ],
        [
          0.9410510565701714,
          0.22144514254948466,
          0.255704825653722,
          0.6812158179048792
        ],
        [
