{
  "camera_angle_x": 0.6321203857513458,
  "camera_angle_y": 1.0517861940447946,
  "fl_x": 1100.8413101933845,
  "fl_y": 1102.6622918329938,
  "k1": 0.1440962107586059,
  "k2": -0.2583748296834677,
  "k3": 0,
  "k4": 0,
  "p1": 0.0004734276521048935,
  "p2": -0.00016326879776405102,
  "is_fisheye": false,
  "cx": 357.09494245033966,
  "cy": 640.2114256984435,
  "w": 720.0,
  "h": 1280.0,
  "aabb_scale": 32,
  "frames": [
    {
      "file_path": "./images/0006.jpg",
      "sharpness": 29.462181548012627,
      "transform_matrix": [
        [
          -0.36594542261338986,
          0.6600938246965569,
          -0.65601836126822,
          -2.6847384397560736
        ],
        [
          -0.9263411591613391,
          -0.19071754684314834,
          0.32483668846032565,
          1.231548396686217
        ],
        [
          0.08930847954240313,
          0.7265693084472737,
          0.6812642920039557,
          2.6138412865749636
        ],
        [
          0.0,
          0.0,
          0.0,
          1.0
        ]
      ]
    },
    {
      "file_path": "./images/0010.jpg",
      "sharpness": 39.3272264493542,
      "transform_matrix": [
        [
          -0.6240071592327161,
          0.6179278238316558,
          -0.4783098052687738,
          -1.6660013594940775
        ],
        [
          -0.7625656195612657,
          -0.34789993241762224,
          0.5453983066411827,
          1.9968141092151872
        ],
        [
          0.1706128398165638,
          0.7050750609745096,
          0.6883025623495063,
          2.3660251811840673
        ],
        [
          0.0,
          0.0,
          0.0,
          1.0
        ]
      ]
    },
    {
      "file_path": "./images/0004.jpg",
      "sharpness": 35.835406210647406,
      "transform_matrix": [
        [
          -0.2262086100769786,
          0.6629129354829633,
          -0.7137058951358498,
          -3.221890072426136
        ],
        [
          -0.9703906082082444,
          -0.08966365395192019,
          0.22428218088233554,
          0.8037042347929347
        ],
        [
          0.08468608050032375,
          0.7433080580651137,
          0.6635671771873127,
          2.688001166467533
        ],
        [
          0.0,
          0.0,
          0.0,
          1.0
        ]
      ]
    },
    {
      "file_path": "./images/0009.jpg",
      "sharpness": 40.980670254554255,
      "transform_matrix": [
        [
          -0.5598739723015767,
          0.6315104405003373,
          -0.5364100099118075,
          -2.0157870479693147
        ],
        [
          -0.81677329054484,
          -0.3117465674841944,
          0.4854847778401392,
          1.7969119825906932
        ],
        [
          0.13936472655586607,
          0.7099356599381653,
          0.6903396495896399,
          2.4412696706914847
        ],
        [
          0.0,
          0.0,
          0.0,
          1.0
        ]
      ]
    },
    {
      "file_path": "./images/0005.jpg",
      "sharpness": 55.05539484471451,
      "transform_matrix": [
        [
          -0.3020096302294318,
          0.6698364477793621,
          -0.6783135827405125,
          -2.911230385587254
        ],
        [
          -0.9484662484784019,
          -0.139529954202407,
          0.28450512715537013,
          1.0038870708253906
        ],
        [
          0.09592684061411459,
          0.7292808273644091,
          0.6774566525939895,
          2.681436851419583
        ],
        [
          0.0,
          0.0,
          0.0,
          1.0
        ]
      ]
    },
    {
      "file_path": "./images/0008.jpg",
      "sharpness": 65.49780808256172,
      "transform_matrix": [
        [
          -0.5044986109982407,
          0.6287020921026607,
          -0.5917895157417425,
          -2.180546582588482
        ],
        [
          -0.8547444204678334,
          -0.2667898574647438,
          0.4452360583254262,
          1.6526006543315779
        ],
        [
          0.12203740079486852,
          0.730449759663125,
          0.6719747178805853,
          2.5055846828411057
        ],
        [
          0.0,
          0.0,
          0.0,
          1.0
        ]
      ]
    },
    {
      "file_path": "./images/0007.jpg",
      "sharpness": 47.36549577025893,
      "transform_matrix": [
        [
          -0.4339690013795837,
          0.6506087015327606,
          -0.6232007889811472,
          -2.3789891225380786
        ],
        [
          -0.8957567347485067,
          -0.23758649361362685,
          0.3757293310418924,
          1.4242836368143714
        ],
        [
          0.09638868192566183,
          0.7212911864117151,
          0.6858922994587344,
          2.540762755615208
        ],
        [
          0.0,
          0.0,
          0.0,
          1.0
        ]
      ]
    },
    {
      "file_path": "./images/0011.jpg",
      "sharpness": 78.84505626242843,
      "transform_matrix": [
        [
          -0.6822464792451173,
          0.5929443660337976,
          -0.42773440404260493,
          -1.3821987011483954
        ],
        [
          -0.7069287753465447,
          -0.3857409305400688,
          0.5928369430907874,
          2.3401106124463404
        ],
        [
          0.18652465834298534,
          0.7068386756135506,
          0.6823398262906032,
          2.3066555822575783
        ],
        [
          0.0,
          0.0,
          0.0,
          1.0
        ]
      ]
    },
    {
      "file_path": "./images/0012.jpg",
      "sharpness": 72.85774508071711,
      "transform_matrix": [
        [
          -0.7499424999694683,
          0.5548110755787677,
          -0.3602373067991963,
          -1.067421889950809
        ],
        [
          -0.6284604492225795,
          -0.42760652249589526,
          0.6497615914179865,
          2.5733926123119955
        ],
        [
          0.20645510537069345,
          0.7136787319099002,
          0.6693571222757171,
          2.174146490243076
        ],
        [
          0.0,
          0.0,
          0.0,
          1.0
        ]
      ]
    },
    {
      "file_path": "./images/0003.jpg",
      "sharpness": 97.69062872143856,
      "transform_matrix": [
        [
          -0.18056296336584732,
          0.6705008762080349,
          -0.7196009945240934,
          -3.5090264995440226
        ],
        [
          -0.9803318215901413,
          -0.06342724298385069,
          0.1868863409276785,
          0.5701295007827986
        ],
        [
          0.07966514821222169,
          0.7391925053103832,
          0.6687659563020986,
          2.54547464032975
        ],
        [
          0.0,
          0.0,
          0.0,
          1.0
        ]
      ]
    },
    {
      "file_path": "./images/0013.jpg",
      "sharpness": 32.389689668777834,
      "transform_matrix": [
        [
          -0.8194532794301177,
          0.5031555737521509,
          -0.27446455415705645,
          -0.71210119077488
        ],
        [
          -0.5251530475088657,
          -0.46732157790636625,
          0.7112136243881774,
          2.8286454389612596
        ],
        [
          0.22958789071133734,
          0.726942233929013,
          0.6471818824908434,
          2.0793813039040336
        ],
        [
          0.0,
          0.0,
          0.0,
          1.0
        ]
      ]
    },
    {
      "file_path": "./images/0018.jpg",
      "sharpness": 17.971418882916293,
      "transform_matrix": [
        [
          -0.9647978232983294,
          0.08673098118448626,
          0.24827987658456013,
          0.6653757735953972
        ],
        [
          0.17893707337351134,
          -0.47537066663737,
          0.8613966874056216,
          3.388750942339162
        ],
        [
          0.19273475033240214,
          0.8755001234989133,
          0.4431171964876455,
          1.6623058226805165
        ],
        [
          0.0,
          0.0,
          0.0,
          1.0
        ]
      ]
    },
    {
      "file_path": "./images/0001.jpg",
      "sharpness": 132.80687065764536,
      "transform_matrix": [
        [
          -0.1599952512265148,
          0.6626829708852617,
          -0.7316097318508755,
          -3.651487525427329
        ],
        [
          -0.9846795505142514,
          -0.0550837601269622,
          0.1654447405312097,
          0.5788870858681584
        ],
        [
          0.06933759719673857,
          0.7468715147361692,
          0.6613435099447634,
          2.4413043409576383
        ],
        [
          0.0,
          0.0,
          0.0,
          1.0
        ]
      ]
    },
    {
      "file_path": "./images/0019.jpg",
      "sharpness": 64.47422613481943,
      "transform_matrix": [
        [
          -0.970722694456838,
          0.056956441607156696,
          0.2333525536204162,
          0.9406155198007634
        ],
        [
          0.18619108172406265,
          -0.43535186299539635,
          0.8807960243285469,
          3.7178499996231533
        ],
        [
          0.15175747628086622,
          0.8984568543847357,
          0.4120011520097056,
          1.8963148158499379
        ],
        [
          0.0,
          0.0,
          0.0,
          1.0
        ]
      ]
    },
    {
      "file_path": "./images/0015.jpg",
      "sharpness": 46.43854923530745,
      "transform_matrix": [
        [
          -0.93251896893312,
          0.35042332396620124,
          -0.08724601226218008,
          -0.3409808862735322
        ],
        [
          -0.2687693861062128,
          -0.5121208578453704,
          0.8157789186120983,
          3.0427963460593186
        ],
        [
          0.2411874576383094,
          0.7841783732174509,
          0.5717454759868041,
          2.005568308979815
        ],
        [
          0.0,
          0.0,
          0.0,
          1.0
        ]
      ]
    },
    {
      "file_path": "./images/0016.jpg",
      "sharpness": 59.27825689320033,
      "transform_matrix": [
        [
          -0.9663945535017682,
          0.2561295041049755,
          0.02189164553704875,
          0.02051889030227821
        ],
        [
          -0.11654179152674363,
          -0.5124373287092227,
          0.8507796394914526,
          3.193167293675607
        ],
        [
          0.22912786352561024,
          0.819637518244382,
          0.5250664347468385,
          1.8431623663930146
        ],
        [
          0.0,
          0.0,
          0.0,
          1.0
        ]
      ]
    },
    {
      "file_path": "./images/0023.jpg",
      "sharpness": 30.09368269166827,
      "transform_matrix": [
        [
          -0.9746980150191038,
          0.14389768978357378,
          0.17104746255946568,
          1.3556381661106485
        ],
        [
          0.07882828721410753,
          -0.4947762628351288,
          0.8654377798951853,
          3.770100512803294
        ],
        [
          0.20916472147094622,
          0.8570238646922592,
          0.4709142328442643,
          1.8599585948607533
        ],
        [
          0.0,
          0.0,
          0.0,
          1.0
        ]
      ]
    },
    {
      "file_path": "./images/0020.jpg",
      "sharpness": 53.22155522091709,
      "transform_matrix": [
        [
          -0.9765868227791605,
          0.07168534179836066,
          0.2028284728548227,
          1.00244458357352
        ],
        [
          0.1566108896666285,
          -0.40947765817631776,
          0.8987775457210639,
          3.858972584580939
        ],
        [
          0.1474829036417779,
          0.9094994553445028,
          0.3886637800423638,
          1.8811984424890424
        ],
        [
          0.0,
          0.0,
          0.0,
          1.0
        ]
      ]
    },
    {
      "file_path": "./images/0002.jpg",
      "sharpness": 153.3987607926686,
      "transform_matrix": [
        [
          -0.16364384905002777,
          0.6653561359914315,
          -0.7283693451964508,
          -3.613117495290056
        ],
        [
          -0.9835257862787374,
          -0.0525589018679774,
          0.1729583463130269,
          0.5640312745153928
        ],
        [
          0.07679660405248023,
          0.7446736024516597,
          0.6629958578098738,
          2.432567592937884
        ],
        [
          0.0,
          0.0,
          0.0,
          1.0
        ]
      ]
    },
    {
      "file_path": "./images/0017.jpg",
      "sharpness": 95.70678132527667,
      "transform_matrix": [
        [
          -0.9743071430563685,
          0.16531449136887383,
          0.152959831289297,
          0.35677304627183454
        ],
        [
          0.05144799525564181,
          -0.49782960158891326,
          0.8657475333872529,
          3.2784007323522375
        ],
        [
          0.21926854500562906,
          0.8513734825371082,
          0.47653383768534974,
          1.7104316178199561
        ],
        [
          0.0,
          0.0,
          0.0,
          1.0
        ]
      ]
    },
    {
      "file_path": "./images/0014.jpg",
      "sharpness": 72.41460503442082,
      "transform_matrix": [
        [
          -0.8796931925160477,
          0.4339259608923152,
          -0.19454600371086397,
          -0.5872281239450498
        ],
        [
          -0.4137486000744001,
          -0.4967352933405582,
          0.7629325948512469,
          2.9223746930370624
        ],
        [
          0.23441839309534526,
          0.7516397467246851,
          0.6165109148892857,
          2.0568512618007775
        ],
        [
          0.0,
          0.0,
          0.0,
          1.0
        ]
      ]
    },
    {
      "file_path": "./images/0022.jpg",
      "sharpness": 24.174505033421216,
      "transform_matrix": [
        [
          -0.9728320020098229,
          0.15035229173056525,
          0.17604568808178708,
          1.2394078938248567
        ],
        [
          0.08952288870264968,
          -0.4569582118484375,
          0.8849716634009952,
          3.688315922342613
        ],
        [
          0.21350304053843125,
          0.8766888735690805,
          0.43108360058856054,
          1.8136188371462536
        ],
        [
          0.0,
          0.0,
          0.0,
          1.0
        ]
      ]
    },
    {
      "file_path": "./images/0025.jpg",
      "sharpness": 40.17348062468632,
      "transform_matrix": [
        [
          -0.9546885842784314,
          0.03330941285867174,
          0.29573669051830126,
          1.5646903801643302
        ],
        [
          0.23399639669791966,
          -0.529998319344647,
          0.8150751301716624,
          3.8655840508584367
        ],
        [
          0.18388962296497136,
          0.8473442420567934,
          0.49818906258003665,
          1.999713617287147
        ],
        [
          0.0,
          0.0,
          0.0,
          1.0
        ]
      ]
    },
    {
      "file_path": "./images/0021.jpg",
      "sharpness": 135.0084278868452,
      "transform_matrix": [
        [
          -0.9784172800454471,
          0.10802633158378638,
          0.17615316587641022,
          1.0312322046355682
        ],
        [
          0.11932610388945439,
          -0.40060121921987923,
          0.9084491973083706,
          3.8116550681125365
        ],
        [
          0.16870360723499017,
          0.9098620636617503,
          0.3790647940266406,
          1.8569055464325102
        ],
        [
          0.0,
          0.0,
          0.0,
          1.0
        ]
      ]
    },
    {
      "file_path": "./images/0026.jpg",
      "sharpness": 114.24358279614859,
      "transform_matrix": [
        [
          -0.9341947015466253,
          0.00568760639656461,
          0.35671825127255885,
          1.7954229388433336
        ],
        [
          0.3172029344675449,
          -0.44438905530703077,
          0.837795121666757,
          4.055122227906738
        ],
        [
          0.16328673558679088,
          0.8958158397244816,
          0.41334177545405176,
          1.9352714334719858
        ],
        [
          0.0,
          0.0,
          0.0,
          1.0
        ]
      ]
    },
    {
      "file_path": "./images/0024.jpg",
      "sharpness": 100.96114583333333,
      "transform_matrix": [
        [
          -0.9613398113992476,
          0.08154078123325374,
          0.2630149578826127,
          1.4518009623019155
        ],
        [
          0.18440559265085718,
          -0.5187070561353516,
          0.8348278668771162,
          3.988855795727974
        ],
        [
          0.2045002309833045,
          0.8510546932788667,
          0.48361716742808597,
          1.880838634470014
        ],
        [
          0.0,
          0.0,
          0.0,
          1.0
        ]
      ]
    },
    {
      "file_path": "./images/0027.jpg",
      "sharpness": 90.61337430144414,
      "transform_matrix": [
        [
          -0.9145457831036332,
          -0.03313425941940002,
          0.4031229731922416,
          1.9471871004063532
        ],
        [
          0.38124791875416086,
          -0.403535277694264,
          0.8317507463789542,
          4.2697962451021345
        ],
        [
          0.13511489592926895,
          0.9143639322257038,
          0.3816838539919496,
          1.9959302316993603
        ],
        [
          0.0,
          0.0,
          0.0,
          1.0
        ]
      ]
    },
    {
      "file_path": "./images/0034.jpg",
      "sharpness": 52.05880527893702,
      "transform_matrix": [
        [
          -0.7932638225757417,
          -0.18992738231678288,
          0.5784981394041641,
          3.1982086493336603
        ],
        [
          0.599931936861011,
          -0.4060771488332443,
          0.6893352017195787,
          3.8105349528878008
        ],
        [
          0.10399124465316878,
          0.8938841863953244,
          0.43606981368036724,
          2.8723111518491313
        ],
        [
          0.0,
          0.0,
          0.0,
          1.0
        ]
      ]
    },
    {
      "file_path": "./images/0028.jpg",
      "sharpness": 157.63389000091559,
      "transform_matrix": [
        [
          -0.8966544085392081,
          -0.07827200841277969,
          0.4357572310375308,
          1.997388254748327
        ],
        [
          0.42857252240617105,
          -0.40037513194907515,
          0.8099539164392541,
          4.225026270670703
        ],
        [
          0.11106963911291783,
          0.9130023255513378,
          0.3925433592108672,
          2.2408112029124156
        ],
        [
          0.0,
          0.0,
          0.0,
          1.0
        ]
      ]
    },
    {
      "file_path": "./images/0031.jpg",
      "sharpness": 94.5523750703023,
      "transform_matrix": [
        [
          -0.8523417601769145,
          -0.17972168371194672,
          0.49113505303279376,
          2.5809803630743238
        ],
        [
          0.51365087227624,
          -0.46431095262942157,
          0.7215109983072541,
          4.000486713469552
        ],
        [
          0.0983682129108907,
          0.8672459026799394,
          0.488065814239177,
          2.653813470006569
        ],
        [
          0.0,
          0.0,
          0.0,
          1.0
        ]
      ]
    },
    {
      "file_path": "./images/0029.jpg",
      "sharpness": 82.26928923194674,
      "transform_matrix": [
        [
          -0.8764286270011434,
          -0.12250448934064083,
          0.46568821320658565,
          2.1413829971499676
        ],
        [
          0.47050474354886596,
          -0.42364187365454714,
          0.7740496425841135,
          4.159129453695777
        ],
        [
          0.10246047099260386,
          0.8975077788092146,
          0.4289308090080497,
          2.3457706690995095
        ],
        [
          0.0,
          0.0,
          0.0,
          1.0
        ]
      ]
    },
    {
      "file_path": "./images/0036.jpg",
      "sharpness": 51.66596069861517,
      "transform_matrix": [
        [
          -0.7492399162719741,
          -0.19051642273881786,
          0.6343051636135657,
          3.647173105668492
        ],
        [
          0.651141160032642,
          -0.38695199144860015,
          0.6529037800667268,
          3.272104618798212
        ],
        [
          0.12105675367543475,
          0.9022037735608819,
          0.41397296218164586,
          2.864585536471922
        ],
        [
          0.0,
          0.0,
          0.0,
          1.0
        ]
      ]
    },
    {
      "file_path": "./images/0032.jpg",
      "sharpness": 152.2463075754507,
      "transform_matrix": [
        [
          -0.8368684762937507,
          -0.1735813853262216,
          0.5191537884955367,
          2.8021597449869478
        ],
        [
          0.5387671461510948,
          -0.42898929897549737,
          0.7250504421023612,
          3.9189039135303796
        ],
        [
          0.09685615961565672,
          0.886474863759583,
          0.45252756857711074,
          2.8595716071596318
        ],
        [
          0.0,
          0.0,
          0.0,
          1.0
        ]
      ]
    },
    {
      "file_path": "./images/0038.jpg",
      "sharpness": 54.02560780597147,
      "transform_matrix": [
        [
          -0.7063616274348411,
          -0.2064610240434938,
          0.6770724458237666,
          3.8505246421678265
        ],
        [
          0.700483660154774,
          -0.34152832349737927,
          0.6266426781710243,
          3.0551443623329875
        ],
        [
          0.10186212826391407,
          0.9169145270135892,
          0.385865076201991,
          2.7900385922697457
        ],
        [
          0.0,
          0.0,
          0.0,
          1.0
        ]
      ]
    },
    {
      "file_path": "./images/0039.jpg",
      "sharpness": 43.69639640661049,
      "transform_matrix": [
        [
          -0.6449599802494603,
          -0.27707261356475776,
          0.7122200437675656,
          3.947329210515625
        ],
        [
          0.7587226284932584,
          -0.34370082032069627,
          0.5533621952422072,
          2.9695148622125087
        ],
        [
          0.09146910360806451,
          0.8972739341871231,
          0.4318945359331094,
          2.728419388572038
        ],
        [
          0.0,
          0.0,
          0.0,
          1.0
        ]
      ]
    },
    {
      "file_path": "./images/0030.jpg",
      "sharpness": 121.24897140994484,
      "transform_matrix": [
        [
          -0.8620970600022521,
          -0.1559939104733252,
          0.4821354157142751,
          2.3831568313524887
        ],
        [
          0.4964902104236402,
          -0.4504380653596316,
          0.742026293488765,
          4.04988321299549
        ],
        [
          0.10142056070036012,
          0.8790742000617023,
          0.46577078129534827,
          2.496380105440902
        ],
        [
          0.0,
          0.0,
          0.0,
          1.0
        ]
      ]
    },
    {
      "file_path": "./images/0035.jpg",
      "sharpness": 141.84107471109908,
      "transform_matrix": [
        [
          -0.7676698810311934,
          -0.18896927455616205,
          0.6123508529319892,
          3.363839069520032
        ],
        [
          0.6303522670601611,
          -0.39486867477019977,
          0.6683821878966066,
          3.592756131498753
        ],
        [
          0.1154944726185738,
          0.8990936230478593,
          0.4222459992049749,
          2.8774530094346034
        ],
        [
          0.0,
          0.0,
          0.0,
          1.0
        ]
      ]
    },
    {
      "file_path": "./images/0040.jpg",
      "sharpness": 35.029530584189345,
      "transform_matrix": [
        [
          -0.5572921968315167,
          -0.3291191772234653,
          0.7623030726618607,
          4.194683671350521
        ],
        [
          0.8267551860533923,
          -0.30489109412739757,
          0.47277614476169666,
          2.7889306008452723
        ],
        [
          0.07681972210570046,
          0.8937124749914105,
          0.4420144142397474,
          2.7302575154737267
        ],
        [
          0.0,
          0.0,
          0.0,
          1.0
        ]
      ]
    },
    {
      "file_path": "./images/0033.jpg",
      "sharpness": 126.03551578377498,
      "transform_matrix": [
        [
          -0.8145278650732345,
          -0.18111530832040038,
          0.5511275734042963,
          2.9919162634217296
        ],
        [
          0.5713418266927082,
          -0.41512878778633044,
          0.7079806541301848,
          3.90682628254585
        ],
        [
          0.10056278700528025,
          0.8915522052513417,
          0.4416127163438302,
          2.8296373606213256
        ],
        [
          0.0,
          0.0,
          0.0,
          1.0
        ]
      ]
    },
    {
      "file_path": "./images/0037.jpg",
      "sharpness": 107.15615638018946,
      "transform_matrix": [
        [
          -0.7340895395244807,
          -0.2093136768919177,
          0.6459878734790496,
          3.7681725105531965
        ],
        [
          0.669006575500032,
          -0.38596205550506674,
          0.6351877625144687,
          3.1170387363512635
        ],
        [
          0.11637332139066726,
          0.8984548271465985,
          0.4233629337824185,
          2.81160847863056
        ],
        [
          0.0,
          0.0,
          0.0,
          1.0
        ]
      ]
    },
    {
      "file_path": "./images/0043.jpg",
      "sharpness": 70.1028935823217,
      "transform_matrix": [
        [
          -0.33392584136692144,
          -0.40418826429758303,
          0.8515429405066803,
          4.68262509951297
        ],
        [
          0.9424859423622111,
          -0.15718394462358135,
          0.2949804332532905,
          2.453672300048163
        ],
        [
          0.014621249086807205,
          0.901068840106211,
          0.43342953812605484,
          2.8751199151050004
        ],
        [
          0.0,
          0.0,
          0.0,
          1.0
        ]
      ]
    },
    {
      "file_path": "./images/0042.jpg",
      "sharpness": 120.74341154036223,
      "transform_matrix": [
        [
          -0.38625065979062895,
          -0.3967083749319359,
          0.8327261813618145,
          4.573632065980208
        ],
        [
          0.9216481322563316,
          -0.20228134741358528,
          0.3311298488464512,
          2.521719841455484
        ],
        [
          0.037082989765104185,
          0.8953796523263764,
          0.44375683670829785,
          2.8327716935335947
        ],
        [
          0.0,
          0.0,
          0.0,
          1.0
        ]
      ]
    },
    {
      "file_path": "./images/0041.jpg",
      "sharpness": 130.45181174449098,
      "transform_matrix": [
        [
          -0.4729252578320982,
          -0.3706995569050453,
          0.7993269287782748,
          4.425353617295398
        ],
        [
          0.8793863302502664,
          -0.2551772043082451,
          0.401950589712854,
          2.638918948310959
        ],
        [
          0.05496710550965941,
          0.8930097608442589,
          0.44666786811247816,
          2.8020964973570015
        ],
        [
          0.0,
          0.0,
          0.0,
          1.0
        ]
      ]
    },
    {
      "file_path": "./images/0044.jpg",
      "sharpness": 114.36234590740439,
      "transform_matrix": [
        [
          -0.3187045978459723,
          -0.413856249020087,
          0.8527311326051864,
          4.746788054726848
        ],
        [
          0.9478023483336107,
          -0.1297464250180983,
          0.2912671860825195,
          2.3187523024151604
        ],
        [
          -0.009903929137590344,
          0.9010487613865326,
          0.4336047069011236,
          2.9641527809109793
        ],
        [
          0.0,
          0.0,
          0.0,
          1.0
        ]
      ]
    },
    {
      "file_path": "./images/0050.jpg",
      "sharpness": 30.80467538239161,
      "transform_matrix": [
        [
          -0.2695997267381118,
          -0.45459653351687845,
          0.8489157667945838,
          4.591967965860719
        ],
        [
          0.9583120205807967,
          -0.04002999268672596,
          0.28290576327810074,
          2.0228977508759964
        ],
        [
          -0.09462588736173762,
          0.8897975002522269,
          0.4464373976732555,
          3.040212560178306
        ],
        [
          0.0,
          0.0,
          0.0,
          1.0
        ]
      ]
    },
    {
      "file_path": "./images/0045.jpg",
      "sharpness": 130.82858040768537,
      "transform_matrix": [
        [
          -0.31148348571051776,
          -0.42855340316022394,
          0.8481273600260043,
          4.7158003041460805
        ],
        [
          0.949649639138879,
          -0.10862380039020968,
          0.29388166474330807,
          2.1926955464472986
        ],
        [
          -0.03381717049119649,
          0.8969631267131601,
          0.44081010463951126,
          2.9820041514931863
        ],
        [
          0.0,
          0.0,
          0.0,
          1.0
        ]
      ]
    },
    {
      "file_path": "./images/0047.jpg",
      "sharpness": 134.41785286147388,
      "transform_matrix": [
        [
          -0.27440332342803503,
          -0.4461817107614152,
          0.8518360740946165,
          4.627013265838604
        ],
        [
          0.9581887237873182,
          -0.05215822243428459,
          0.2813430102907116,
          2.1700076292174
        ],
        [
          -0.08109985021210137,
          0.8934211777597394,
          0.4418386735917891,
          3.000909335237432
        ],
        [
          0.0,
          0.0,
          0.0,
          1.0
        ]
      ]
    },
    {
      "file_path": "./images/0046.jpg",
      "sharpness": 130.7225005242513,
      "transform_matrix": [
        [
          -0.2971707100855096,
          -0.4444844297504585,
          0.8450580813363937,
          4.629152298223188
        ],
        [
          0.9530506634850453,
          -0.08415962791501605,
          0.2908807141424718,
          2.1079777874739984
        ],
        [
          -0.05817217465917442,
          0.8918243934729482,
          0.4486259570704839,
          2.932039335682487
        ],
        [
          0.0,
          0.0,
          0.0,
          1.0
        ]
      ]
    },
    {
      "file_path": "./images/0048.jpg",
      "sharpness": 141.8525800647865,
      "transform_matrix": [
        [
          -0.25733582881988654,
          -0.45754483240131133,
          0.8511351229996921,
          4.581314822972304
        ],
        [
          0.9615220429555682,
          -0.03355888332419183,
          0.2726704279174718,
          2.0877147199825954
        ],
        [
          -0.09619580095642515,
          0.8885530528607186,
          0.44857534504877256,
          3.0273446058643416
        ],
        [
          0.0,
          0.0,
          0.0,
          1.0
        ]
      ]
    },
    {
      "file_path": "./images/0051.jpg",
      "sharpness": 172.71706468895806,
      "transform_matrix": [
        [
          -0.2946645478484453,
          -0.4413642773267379,
          0.8475673300666919,
          4.574316547660918
        ],
        [
          0.9510947875230179,
          -0.04942406930087491,
          0.30491960665132906,
          1.9999675989791428
        ],
        [
          -0.09269039537404329,
          0.8959658677252716,
          0.43434278459769654,
          3.0478274471143054
        ],
        [
          0.0,
          0.0,
          0.0,
          1.0
        ]
      ]
    },
    {
      "file_path": "./images/0049.jpg",
      "sharpness": 162.85903743218327,
      "transform_matrix": [
        [
          -0.2532958543243486,
          -0.45928901875600336,
          0.8514075448852384,
          4.5770920218006665
        ],
        [
          0.9622611132250203,
          -0.02912251909481186,
          0.2705650177991066,
          2.055462196723448
        ],
        [
          -0.09947240905126495,
          0.8878093692831579,
          0.44933257583437647,
          3.0303352036154863
        ],
        [
          0.0,
          0.0,
          0.0,
          1.0
        ]
      ]
    },
    {
      "file_path": "./images/0055.jpg",
      "sharpness": 110.00344482759898,
      "transform_matrix": [
        [
          -0.23438119830646242,
          -0.43314224342771196,
          0.8703179022024644,
          4.464858536659068
        ],
        [
          0.9702216985638077,
          -0.04793945030276203,
          0.23742717776350342,
          1.464060236446578
        ],
        [
          -0.06111717860695487,
          0.9000497798000964,
          0.43148010894628736,
          3.0048903680249603
        ],
        [
          0.0,
          0.0,
          0.0,
          1.0
        ]
      ]
    },
    {
      "file_path": "./images/0054.jpg",
      "sharpness": 57.390457107638156,
      "transform_matrix": [
        [
          -0.27167949055802443,
          -0.42050180025598827,
          0.8656607247916868,
          4.402094056003841
        ],
        [
          0.9585784430995266,
          -0.038284076722933165,
          0.282244039608409,
          1.8028478930477698
        ],
        [
          -0.08554310516290356,
          0.9064836267170744,
          0.41348495947050423,
          3.03384796170116
        ],
        [
          0.0,
          0.0,
          0.0,
          1.0
        ]
      ]
    },
    {
      "file_path": "./images/0052.jpg",
      "sharpness": 96.8945479417542,
      "transform_matrix": [
        [
          -0.30534086477056127,
          -0.4234753832749111,
          0.8528983269514581,
          4.514495524230414
        ],
        [
          0.9477858584769497,
          -0.048593922537426955,
          0.31518343415168754,
          1.9807313935518442
        ],
        [
          -0.09202675034710836,
          0.9046033553484734,
          0.4162016900112384,
          3.0604293759573196
        ],
        [
          0.0,
          0.0,
          0.0,
          1.0
        ]
      ]
    },
    {
      "file_path": "./images/0058.jpg",
      "sharpness": 64.6282009473259,
      "transform_matrix": [
        [
          -0.13165291714492938,
          -0.40004527907601206,
          0.9069902337685279,
          4.814013942244577
        ],
        [
          0.9912632991608232,
          -0.06054518057604282,
          0.11718085528757712,
          0.6164949606896504
        ],
        [
          0.008036239528338283,
          0.9144933328641844,
          0.4045211527925024,
          2.8837579119263674
        ],
        [
          0.0,
          0.0,
          0.0,
          1.0
        ]
      ]
    },
    {
      "file_path": "./images/0053.jpg",
      "sharpness": 165.13417532686654,
      "transform_matrix": [
        [
          -0.29868989846746086,
          -0.41558725135199864,
          0.859110924806833,
          4.4282846079947795
        ],
        [
          0.949756872672973,
          -0.0412279882618385,
          0.3102613991370006,
          1.9398762080550067
        ],
        [
          -0.09352126694441808,
          0.9086184510303263,
          0.4070212317947771,
          3.054892911065119
        ],
        [
          0.0,
          0.0,
          0.0,
          1.0
        ]
      ]
    },
    {
      "file_path": "./images/0056.jpg",
      "sharpness": 123.57594472489413,
      "transform_matrix": [
        [
          -0.21079259940138143,
          -0.43153957177869784,
          0.8771203327263197,
          4.545363260766728
        ],
        [
          0.9768705685011918,
          -0.06002059651126206,
          0.20523503694716552,
          1.1871269797129
        ],
        [
          -0.03592175437577463,
          0.9000950650006461,
          0.4342102043704476,
          2.950851739772029
        ],
        [
          0.0,
          0.0,
          0.0,
          1.0
        ]
      ]
    },
    {
      "file_path": "./images/0057.jpg",
      "sharpness": 165.49906301963597,
      "transform_matrix": [
        [
          -0.18107028396172853,
          -0.4225364104875151,
          0.8880746219398503,
          4.622591744631006
        ],
        [
          0.9834084230534494,
          -0.06767212346197515,
          0.1683103002605265,
          0.9003726458237085
        ],
        [
          -0.01101933466079825,
          0.9038160573775137,
          0.4277792757317451,
          2.907458869436116
        ],
        [
          0.0,
          0.0,
          0.0,
          1.0
        ]
      ]
    },
    {
      "file_path": "./images/0059.jpg",
      "sharpness": 166.3090361109968,
      "transform_matrix": [
        [
          -0.09463792283540276,
          -0.39485837189233103,
          0.9138547640425152,
          4.980203304729056
        ],
        [
          0.9954864930814785,
          -0.04407632530915537,
          0.08404712749222429,
          0.48458183399145965
        ],
        [
          0.007092647941452493,
          0.9176841198086318,
          0.3972474677724347,
          2.87403676274025
        ],
        [
          0.0,
          0.0,
          0.0,
          1.0
        ]
      ]
    },
    {
      "file_path": "./images/0060.jpg",
      "sharpness": 128.0055291344808,
      "transform_matrix": [
        [
          -0.06644353005095968,
          -0.40012123910127423,
          0.9140504643561489,
          4.973077575203222
        ],
        [
          0.9977876122467829,
          -0.024563165090564512,
          0.06177808484981345,
          0.5059332987541258
        ],
        [
          -0.002266751402323774,
          0.9161329843401942,
          0.40086807916992606,
          2.8973354140368377
        ],
        [
          0.0,
          0.0,
          0.0,
          1.0
        ]
      ]
    },
    {
      "file_path": "./images/0061.jpg",
      "sharpness": 122.26170138406636,
      "transform_matrix": [
        [
          -0.05653579686239934,
          -0.4123592539048113,
          0.909265389997587,
          4.935479936999355
        ],
        [
          0.9982951746738602,
          -0.010115093613060962,
          0.05748416394277512,
          0.5356055518521518
        ],
        [
          -0.014506822415842608,
          0.91096516434801,
          0.4122281182830383,
          2.8930266089103895
        ],
        [
          0.0,
          0.0,
          0.0,
          1.0
        ]
      ]
    },
    {
      "file_path": "./images/0062.jpg",
      "sharpness": 125.084004183376,
      "transform_matrix": [
        [
          -0.06540458849916113,
          -0.42712755190746926,
          0.901822762110189,
          4.934283509998661
        ],
        [
          0.9974748590991404,
          -0.0029161847334346954,
          0.07096056180628317,
          0.5476447052217602
        ],
        [
          -0.02767932927516675,
          0.904186678912868,
          0.42623972651874137,
          2.873283112810643
        ],
        [
          0.0,
          0.0,
          0.0,
          1.0
        ]
      ]
    },
    {
      "file_path": "./images/0070.jpg",
      "sharpness": 37.63523080020363,
      "transform_matrix": [
        [
          0.17796604555124299,
          -0.37847216541888656,
          0.908342945527324,
          5.484763976362511
        ],
        [
          0.9800344470283141,
          0.15133709701599513,
          -0.128955673410639,
          -0.8870325771393955
        ],
        [
